variant_id,stop_id
795819,1603
795819,1497
801231,1496
801231,1604
809324,1868
809456,1868
812671,1897
814041,1603
814041,1497
822075,4747
822075,4460
822075,4114
822075,4457
822075,3410
822398,1396
825610,2871
826015,376
826015,1817
826017,4492
826017,4745
826017,4429
826017,4479
826017,4633
826017,271
826017,3757
826027,4747
826027,4462
826027,4678
826027,4480
826027,4710
826027,4114
826027,4457
826027,3410
826155,1239
826155,281
826155,403
826155,2341
826155,1816
826155,4878
826155,4880
826277,3895
826277,3144
826280,4652
826281,4652
827213,4876
827213,4875
827213,4874
827213,4878
827213,864
827234,1868
828290,148
828290,1705
828888,3420
828888,2782
828888,4566
828889,3420
828889,2782
828889,3641
828889,4254
828890,3420
828890,2782
828890,3641
828890,3621
828890,1092
828895,4566
828895,2934
828895,2781
828895,3415
828896,4254
828896,2934
828896,2781
828896,3415
828897,2934
828897,2781
828897,3415
828899,1093
828899,4254
828899,2934
828899,2781
828899,3415
829061,708
829061,711
829061,3422
829067,4429
829067,4464
829067,4457
829067,3410
829069,812
829069,3861
829069,4458
829069,4115
829069,4709
829069,4481
829069,4678
829069,4461
829069,4746
829069,4711
829073,4496
829073,4490
829073,4745
829073,4429
829073,4464
829073,4457
829073,3410
829200,3134
829200,481
829200,3891
829200,2342
829340,2172
829512,3900
829512,2527
829585,1603
829585,1497
829585,2818
829585,1534
829585,1418
829585,2033
829585,1628
829752,3412
829752,1306
829752,2863
829752,3900
829752,2527
829828,2919
829828,2528
829828,3901
829869,281
829869,403
829869,378
829879,4876
829879,4875
829879,4874
829879,4878
829879,864
829903,927
829943,378
829943,3890
829968,1680
829968,4250
829968,1614
829968,2817
829968,1496
829968,1604
829970,1398
829970,3522
829970,1418
829970,2033
829970,1628
830336,4876
830336,4875
830336,4874
830336,4878
830336,864
830336,3512
830345,4652
830345,637
830542,33
830542,4663
830542,538
830543,539
830543,4664
830543,838
830592,1496
830592,1604
830624,2818
830624,1534
830624,1418
830624,2033
830624,1628
830737,1396
830737,2034
830737,1417
830737,3521
830737,1397
831037,667
831037,636
831039,636
831296,3420
831296,2782
831296,4566
831296,2115
831655,3134
831655,481
831655,3891
831655,2341
831657,3134
832533,3421
832533,2305
832533,2871
832533,3652
832533,3646
832533,3645
832533,3722
832537,3598
832537,4590
832537,2506
832537,3421
832537,2305
832537,2871
832537,3652
832537,3646
832537,3036
832537,1731
832537,3037
832537,3645
832537,3722
832941,812
832941,3861
832941,4458
832941,4463
832943,812
832943,3861
832943,4458
832943,4463
832943,4707
832943,4744
832943,4493
832943,4497
832945,812
832945,3861
832945,4458
832945,4115
832945,4709
832945,4481
832945,4678
832945,4461
832945,4746
832947,3758
832947,1149
832947,4634
832947,4478
832947,4707
832947,4744
832969,636
832969,818
832969,3517
832969,508
832969,3106
832969,3514
832969,1000
832969,2342
833077,2528
833077,2036
833077,353
833077,4284
833077,4286
833077,4291
833077,4301
833077,4276
833077,4275
833078,812
833078,3861
833078,4458
833078,4115
833078,4459
833078,4746
833081,33
833081,4663
833081,538
833451,637
833451,1165
833451,668
833451,2172
833451,675
833451,5110
833466,2899
833466,55
833466,1945
833466,2274
833466,2304
833466,3415
833466,2828
833466,707
833502,5109
833770,3420
833770,2782
833770,3641
834323,148
834323,1705
834414,4125
834414,4137
834414,4122
834414,3906
834414,3514
834414,3519
834422,864
834422,3890
834422,3518
834422,3106
834422,509
834422,3526
834422,2816
834422,1782
834422,638
834461,864
834461,3890
834461,3518
834461,3106
834461,509
834461,3526
834461,2816
834461,1782
834461,638
834463,864
834463,3890
834463,3518
834463,3106
834463,509
834463,3526
834463,2816
834463,1782
834463,638
834464,509
834464,3526
834464,2816
834464,1782
834464,638
834474,1233
834474,3105
834474,509
834474,3526
834474,547
834475,509
834475,3526
834475,547
834476,3105
834476,509
834476,3526
834476,547
834477,1330
834477,5123
834487,5167
834487,5155
834487,115
834488,3762
834488,5154
834499,788
834499,211
834499,952
834789,3667
834789,3586
834972,3721
834972,3644
834972,3036
834972,1731
834972,3037
834972,3647
834972,3653
834972,2899
834972,2274
834972,3415
834973,3721
834973,3644
834973,3036
834973,1731
834973,3037
834973,3647
834973,3653
834973,2899
834973,2274
834973,3419
834973,4591
834973,3599
835120,4876
835120,4875
835120,4874
835120,4878
835120,864
835120,3890
835120,3526
835120,547
835253,5218
835253,5221
835253,5222
835253,4051
835253,4123
835253,3795
835262,4570
835262,5296
835278,3901
835278,304
835278,2531
835278,5167
835278,5155
835278,2479
835278,3217
835279,2274
835279,3415
835279,2828
835279,707
835279,1819
835279,1289
835279,2028
835279,5167
835279,5155
835279,212
835279,3547
835280,1759
835280,1142
835280,5154
835280,5162
835280,1176
835280,1178
835280,1248
835280,708
835280,711
835280,3421
835280,2305
835280,728
835282,180
835282,1142
835282,824
835282,638
835300,3526
835300,2816
835300,4570
835300,5296
835334,788
835335,2479
835335,115
835336,3762
835337,115
835339,3762
835340,212
835340,2479
835340,115
835343,116
835343,788
835344,4571
835344,869
835344,5123
835344,3517
835345,4571
835345,869
835345,5123
835345,3517
835363,5296
835363,271
835363,281
835363,3782
835363,378
835363,1153
835364,5296
835364,271
835364,281
835364,378
835364,1153
835367,5296
835367,271
835367,281
835371,3517
835371,3518
835371,1218
835371,3894
835371,4138
835371,4123
835372,3517
835372,3518
835372,1218
835372,3894
835372,4138
835372,4123
835372,4375
835386,639
835386,3895
835409,396
835409,3890
835409,304
835409,2855
835410,3890
835410,304
835410,2855
835411,3890
835411,304
835412,1151
835412,305
835412,3891
835412,1002
835418,1151
835418,305
835418,3891
835419,1151
835419,305
835419,3891
835420,788
835420,5154
835420,5160
835420,240
835420,30
835420,305
835420,3900
835423,3901
835424,2479
835424,3217
835425,2479
835425,3217
835426,788
835430,3218
835430,788
835431,3901
835431,304
835431,2531
835431,5167
835431,5155
835436,3547
835440,1759
835440,1142
835441,5167
835441,5155
835441,212
835441,3547
835442,728
835452,3134
835452,481
835452,3891
835452,2341
835460,2528
835460,3901
835460,2855
835460,1174
835461,2528
835461,3901
835461,2855
835461,1174
835462,3131
835463,1306
835463,2863
835463,3900
835463,2527
835464,1266
835464,3412
835464,1306
835464,2863
835464,3900
835464,2527
835480,3901
835480,281
835481,636
835481,818
835481,964
835481,4381
835481,493
835481,494
835481,3900
835482,3901
835482,952
835482,815
835482,1782
835482,638
835495,5296
835495,271
835495,2863
835506,2855
835506,1142
835507,1759
835507,116
835509,1759
835509,1142
835546,4876
835546,4875
835546,4874
835546,4878
835546,1817
835546,2342
835546,1963
835546,2855
835546,1142
835556,4876
835556,4875
835556,4878
835556,1817
835556,2342
835556,1963
835556,2855
835571,4288
835571,4300
835571,4754
835571,4285
835571,4283
835571,1217
835571,357
835571,2527
835623,3908
835623,1548
835623,4897
835623,1868
835630,2356
835630,1501
835630,1580
835630,1544
835630,1397
835630,3907
835631,3908
835631,1398
835631,1541
835631,1581
835631,1502
835631,2355
835632,1573
835632,1501
835632,1580
835632,1544
835632,3523
835632,3902
835641,1573
835641,1501
835641,1580
835641,1419
835641,1547
835654,4250
835654,1543
835679,3908
835680,3902
835681,1396
835681,2034
835681,1417
835681,3521
835681,1397
835681,3902
835682,1398
835682,3522
835682,1418
835682,2031
835686,1396
835686,2033
835686,1628
835693,4250
835693,1581
835693,1502
835693,1572
835711,1581
835711,1502
835711,2355
835713,1581
835713,1502
835713,2355
835714,1628
835841,1548
835841,1420
835841,1581
835841,1502
835841,1572
835917,604
835917,708
835917,711
835917,3420
835917,2488
835994,2935
835994,2506
835994,3422
835994,2013
835995,2506
835995,3422
835995,2013
835995,761
835996,2506
835996,3422
835996,2013
836025,469
836025,5107
836025,3906
836025,3104
836025,3526
836025,547
836025,242
836025,5155
836034,5297
836036,1759
836036,1142
836036,1176
836036,613
836272,1249
836272,27
836273,26
836273,5107
836276,3134
836276,5107
836276,3514
836276,317
836276,281
836276,403
836289,1963
836289,2863
836289,316
836289,3518
836289,3892
836289,1249
836289,3134
836294,3134
836294,5107
836294,3514
836294,317
836294,281
836294,403
836294,3256
836299,469
836299,5107
836299,3514
836299,317
836299,281
836299,403
836299,3256
836326,1751
836326,1868
836327,4896
836327,1470
836327,1420
836327,3521
836327,2820
836329,1542
836329,3523
836329,1548
836329,4899
836330,4898
836330,1547
836330,3524
836330,1541
836331,1497
836331,2818
836331,5310
836331,2031
836331,1897
836332,1603
836332,1497
836332,2818
836332,5310
836332,1868
836334,1573
836334,1501
836334,1580
836334,1616
836334,1419
836334,1471
836334,4899
836339,1497
836339,1531
836339,1408
836339,1542
836339,1579
836342,3908
836342,3524
836342,1541
836342,1581
836342,1502
836342,1572
836343,1751
836344,1396
836344,1750
836347,4896
836347,1473
836348,3522
836348,1419
836348,1471
836348,4899
836357,1541
836359,1531
836359,1408
836359,1542
836359,3523
836359,1548
836359,4899
836362,1548
836362,1420
836362,5310
836362,2031
836364,1532
836366,1541
836367,1531
836368,1497
836368,2818
836368,5310
836368,2031
836368,1495
836378,1629
836378,1433
836378,2031
836380,1573
836380,1501
836380,1580
836380,1616
836380,5310
836380,2031
836381,2033
836381,1472
836381,4899
836384,1532
836386,1531
836386,1408
836386,1542
836386,1418
836386,2031
836386,1897
836387,1531
836388,1629
836388,4896
836388,1420
836389,1629
836389,4896
836389,1420
836389,3521
836390,2356
836390,1501
836390,1580
836390,5310
836410,1680
836410,1578
836410,1544
836410,1407
836410,1532
836415,3902
836424,4898
836424,1547
836424,3524
836425,3523
836425,1548
836425,4899
836426,1579
836426,5179
836426,2355
836428,1573
836428,1501
836428,1387
836428,4685
836428,2817
836430,1573
836430,1501
836430,1387
836430,4685
836430,1534
836430,5310
836430,2031
836431,1596
836431,1581
836431,1502
836431,1572
836442,1573
836442,1501
836442,1580
836442,2031
836443,3908
836444,3908
836444,3524
836444,1541
836444,1579
836444,2031
836446,1398
836446,1541
836446,1581
836446,1502
836446,1572
836448,1581
836448,1502
836448,1572
836449,1897
836449,2034
836449,1417
836449,3521
836453,3523
836453,1418
836453,2031
836453,1495
836456,1542
836456,1418
836456,2031
836456,1897
836457,1573
836457,1501
836457,1580
836457,5310
836459,1603
836459,1497
836459,2818
836459,1534
836459,1418
836459,2031
836460,1897
836460,2034
836460,1417
836460,3521
836489,638
836489,700
836507,4876
836507,4875
836507,4874
836507,4878
836507,1817
836507,2342
836507,1963
836507,2855
836513,1629
836513,4896
836513,1420
836513,1581
836513,1502
836513,2355
836514,2356
836514,1501
836514,1580
836514,1419
836514,4897
836514,1628
836515,1548
836515,1420
836517,1531
836519,1396
836519,2034
836519,1417
836519,3521
836519,1397
836520,1396
836520,2033
836520,1628
836521,3908
836521,1548
836521,4897
836522,1868
836523,1396
836523,4898
836523,1547
836523,3902
836533,3421
836533,728
836533,3720
836533,4596
836533,3668
836533,1979
836533,3669
836533,3706
836533,3709
836533,1081
836533,3064
836533,3672
836533,4422
836536,4423
836536,3671
836536,3065
836536,1082
836536,3707
836536,3668
836536,1979
836536,3670
836536,4597
836536,727
836536,3415
836540,3720
836540,3245
836540,727
836540,3415
836583,2818
836583,3523
836583,1548
836583,4899
836584,1542
836628,568
836629,568
836629,1189
836629,935
836629,707
836629,613
836629,4652
836629,637
836629,644
836641,2342
836641,1963
836641,3182
836641,2861
836641,1149
836641,5297
836641,1142
836641,824
836685,1534
836685,1581
836685,1502
836685,1572
836712,1015
836712,1705
836714,1015
836714,1705
836716,4248
836716,2040
836716,1015
836716,1705
836717,4248
836717,2040
836717,1015
836717,1705
836718,4248
836718,2040
836718,1015
836718,1705
836728,4492
836728,4429
836728,4479
836728,3235
836728,1865
836728,5274
836729,4288
836729,4300
836729,4754
836729,4285
836729,4283
836729,1217
836729,357
836729,2527
836750,481
836750,3526
836750,814
836790,3182
836790,2861
836790,1149
836790,5297
836790,1142
836790,824
836792,638
836793,637
836797,2342
836797,1963
836797,3182
836797,2861
836797,1149
836797,5297
836797,1142
836797,824
836800,480
836800,2035
836800,350
836801,3807
836801,349
836801,1215
836801,481
836804,1215
836804,481
836805,480
836805,2035
836805,350
836805,2010
836806,480
836806,2035
836806,350
836807,3134
836821,4894
836821,5123
836821,3517
836821,480
836821,3894
836843,1704
836843,2477
836843,4248
837011,1396
837011,2034
837011,1417
837011,3521
837011,1397
837015,1680
837015,1578
837015,1544
837015,1397
837019,2356
837019,5180
837019,1595
837019,2033
837019,1750
837022,4896
837022,1470
837022,1420
837022,3521
837022,2820
837036,1497
837036,2818
837036,5310
837036,1868
837041,4896
837041,1473
837041,2031
837059,1680
837059,1578
837059,1544
837059,1397
837060,1868
837080,1897
837104,1782
837104,638
837104,3124
837105,3123
837105,636
837106,4647
837106,636
837106,3536
837106,4699
837117,1548
837117,1420
837117,3521
837117,1541
837125,1897
837125,2034
837125,1417
837125,1543
837129,1396
837129,4898
837129,1547
837129,3902
837133,1407
837133,1532
837133,2818
837133,4684
837133,1679
837133,1502
837133,1572
837134,1897
837134,2034
837134,1417
837134,3521
837134,1541
837134,4684
837134,4572
837141,2818
837141,3523
837141,1419
837141,1471
837141,4899
837144,4250
837144,1581
837144,1502
837144,1572
837145,1581
837145,1502
837145,1572
837174,2820
837174,5310
837174,1868
837185,1398
837185,3522
837185,1418
837185,2033
837185,1628
837191,3522
837191,1581
837191,1502
837191,1572
837228,1531
837228,1408
837228,1542
837228,1579
837243,1603
837243,1497
837243,2818
837245,1397
837245,3907
837249,1532
837249,2818
837249,4684
837249,1679
837249,1502
837249,1572
837251,2820
837251,4684
837251,1679
837251,1502
837251,1572
837252,2818
837252,4684
837252,1679
837252,1502
837252,1572
837254,1531
837256,1397
837256,3907
837257,3902
837273,1897
837273,2032
837273,4250
837273,2817
837274,1629
837274,2034
837274,1417
837274,1533
837274,2817
837274,1496
837274,1604
837275,1548
837275,1420
837275,1533
837277,1532
837278,1542
837278,1579
837278,2031
837280,1897
837280,2032
837280,4250
837280,2817
837281,2032
837281,4250
837281,2817
837282,1680
837282,4250
837282,1614
837282,2817
837282,1496
837282,1604
837283,1629
837283,1433
837283,2034
837283,1417
837283,3521
837283,1397
837284,1573
837284,1501
837284,1580
837284,1616
837285,1897
837285,2034
837285,1417
837285,3383
837285,1543
837286,1897
837287,1897
837288,2034
837288,1417
837288,3383
837288,1543
837289,1629
837290,2356
837290,1501
837290,1580
837294,4573
837294,1580
837294,2742
837295,1581
837295,4572
837297,1680
837297,1578
837297,1544
837297,1397
837299,1396
837299,4898
837299,1547
837300,1548
837300,4897
837300,1868
837301,1629
837301,2031
837302,1407
837302,1532
837303,1531
837303,1408
837304,1635
837304,4685
837304,1544
837304,3523
837304,1418
837304,2031
837304,1897
837319,539
837319,4664
837319,838
837326,647
837326,639
837326,3899
837326,1248
837326,708
837326,711
837326,3421
837326,2305
837331,3421
837331,2273
837331,2305
837331,1945
837331,2871
837334,3514
837334,242
837334,212
837334,2579
837334,3416
837334,1251
837334,2999
837344,604
837344,708
837344,711
837344,3421
837344,2305
837344,2871
837347,2899
837347,3422
837354,1176
837354,1178
837354,1248
837354,708
837354,711
837354,3421
837354,2305
837354,728
837356,638
837357,637
837360,2274
837360,3415
837360,2828
837360,707
837360,613
837360,4652
837360,638
837370,2935
837370,2506
837370,3422
837370,2013
837370,761
837374,568
837374,1189
837374,935
837374,707
837374,613
837374,4652
837374,637
837374,644
837375,526
837375,538
837375,3272
837378,760
837378,1230
837378,2711
837378,3419
837378,2375
837379,284
837379,2861
837379,1149
837379,5297
837380,1819
837495,1573
837495,1501
837495,1580
837495,1419
837495,1547
837495,2536
837497,1419
837497,1547
837497,2536
837498,1534
837498,1547
837498,2536
837499,3522
837499,1419
837499,1547
837499,2536
837500,4250
837500,1419
837500,1547
837500,2536
837505,637
837505,650
837505,965
837505,1330
837505,3517
837505,480
837506,481
837506,3526
837506,814
837506,638
837510,212
837510,2479
837510,115
837511,4652
837511,637
837511,668
837511,2172
837513,480
837513,347
837513,2666
837513,4401
837513,2010
837514,518
837514,436
837514,3134
837515,469
837515,2905
837515,435
837515,1011
837522,526
837522,538
837523,539
837523,527
837528,378
837528,3890
837528,480
837528,2955
837528,3134
837531,2528
837531,3901
837531,2855
837531,1174
837531,3416
837531,116
837536,636
837536,818
837536,964
837536,4381
837536,493
837536,494
837536,3900
837538,2330
837538,2528
837538,481
837538,3526
837538,4895
837538,554
837539,3893
837539,481
837539,3526
837539,4895
837539,554
837541,3421
837541,2275
837544,509
837544,3526
837544,2953
837544,841
837544,2029
837544,1313
837544,1248
837544,2594
837544,934
837552,1151
837552,494
837552,2815
837552,3518
837552,3102
837552,509
837552,3526
837552,841
837552,2029
837552,1313
837552,1248
837552,708
837552,711
837552,3422
837567,788
837568,242
837568,212
837568,2479
837569,5167
837569,5155
837569,115
837574,4652
837574,637
837575,639
837575,3899
837577,3526
837577,4626
837577,4570
837579,271
837579,281
837579,3782
837579,378
837581,5296
837581,271
837581,281
837581,3782
837581,378
837583,4376
837583,4125
837583,4137
837583,4122
837583,3906
837583,3514
837583,3519
837584,4376
837584,4125
837584,4137
837584,4122
837584,3906
837584,3514
837584,3519
837584,547
837585,642
837585,636
837585,1312
837585,1176
837585,4517
837586,480
837586,347
837586,2666
837586,4401
837586,2010
837596,568
837597,639
837597,3899
837597,1892
837597,604
837597,934
837598,3182
837598,2861
837598,1149
837598,1865
837598,5297
837598,1142
837598,824
837598,639
837599,539
837599,527
837600,3272
837600,539
837600,527
837601,3884
837601,3415
837601,2828
837601,707
837602,818
837602,964
837602,4381
837604,403
837604,3256
837607,304
837607,2531
837607,5167
837607,5155
837608,1759
837608,1142
837610,639
837610,3899
837610,1248
837610,708
837610,711
837610,3421
837610,2305
837613,604
837613,708
837613,711
837613,3420
837616,4652
837617,378
837617,3890
837617,480
837617,2955
837617,3134
837618,378
837618,3890
837618,480
837618,2955
837618,3134
837634,212
837634,1306
837634,281
837635,2330
837635,2528
837635,481
837635,3526
837635,4895
837635,554
837638,2528
837638,481
837638,3526
837638,4895
837638,1795
837638,554
837640,553
837640,4894
837640,5123
837640,3517
837640,480
837640,3894
837642,3421
837642,2275
837645,5297
837645,4571
837645,3517
837645,3518
837646,5297
837646,1142
837647,935
837647,707
837647,611
837649,509
837649,3526
837649,546
837649,27
837652,26
837652,1330
837652,3517
837652,508
837653,26
837653,1330
837653,3517
837654,509
837654,3526
837654,841
837654,2029
837654,1313
837654,637
837656,788
837656,5154
837656,240
837656,1330
837656,3517
837656,508
837657,788
837657,2554
837659,636
837659,818
837659,3517
837659,508
837659,3106
837659,3514
837661,864
837661,3890
837661,3518
837661,3106
837662,636
837662,818
837662,3517
837662,508
837662,3106
837662,3514
837665,1151
837665,494
837665,2815
837665,3518
837666,2855
837666,205
837668,509
837668,3526
837675,509
837675,3526
837675,547
837676,2855
837687,4876
837687,4875
837687,4874
837687,4878
837687,864
837687,3890
837687,3526
837687,547
837690,760
837690,1230
837690,2711
837690,3419
837690,2935
837690,2375
837691,3794
837691,4137
837691,5224
837691,5223
837691,5220
837691,5219
837692,575
837692,595
837693,575
837693,555
837693,4892
837695,575
837696,596
837696,575
837696,555
837696,4892
837697,575
837697,1034
837697,1701
837697,595
837698,596
837698,1034
837698,1701
837698,575
837698,555
837698,4892
837699,575
837699,555
837699,4892
837699,613
837700,596
837700,575
837700,555
837700,4892
837700,613
837706,788
837706,211
837707,1160
837707,212
837707,2479
837707,115
837708,639
837708,3899
837716,1963
837716,2863
837716,316
837716,3518
837716,3892
837716,1249
837716,3134
837718,3901
837718,952
837718,815
837718,1782
837718,638
837723,935
837723,707
837723,611
837723,1819
837723,1312
837723,2028
837723,1330
837723,3517
837723,508
837723,3102
837724,1312
837724,2028
837724,3517
837724,508
837724,3102
837726,864
837726,3890
837726,3518
837726,3106
837726,509
837726,3526
837726,2816
837726,1782
837726,638
837732,4652
837734,2342
837737,638
837738,3415
837738,2828
837740,3415
837740,2828
837740,613
837748,3762
837748,5154
837748,5160
837748,952
837750,242
837750,5167
837750,5155
837750,115
837751,2479
837751,115
837754,3782
837754,378
837757,5296
837757,271
837757,281
837757,378
837761,4125
837761,4137
837761,4122
837761,3906
837761,3514
837761,3519
837761,547
837763,1819
837764,3895
837767,3895
837771,4652
837771,637
837772,526
837772,538
837774,3422
837776,3884
837776,3415
837776,2828
837776,707
837780,396
837780,3890
837780,304
837780,2855
837784,2274
837784,3415
837784,2828
837784,707
837784,613
837787,180
837787,1142
837787,824
837787,638
837789,639
837789,3899
837791,3134
837791,481
837791,3891
837791,2341
837792,378
837792,3890
837792,480
837792,2955
837792,3134
837794,5296
837800,3901
837800,952
837800,815
837800,1782
837800,638
837801,2528
837801,481
837801,3526
837801,4895
837802,2276
837802,3415
837804,3899
837804,604
837804,708
837804,711
837804,3421
837804,2305
837804,2871
837806,3514
837806,3526
837806,2816
837806,4570
837806,5296
837807,2816
837807,952
837807,1782
837810,3892
837810,1249
837810,3134
837812,3906
837812,3104
837812,3526
837812,547
837812,242
837812,5155
837812,2479
837818,3514
837818,396
837821,818
837821,4381
837831,1233
837831,3105
837831,509
837833,3105
837833,927
837857,1629
837857,4896
837857,1420
837857,1581
837857,4572
837861,1534
837861,1615
837861,1596
837861,5179
837861,2355
837862,1578
837862,2817
837862,1531
837862,1408
837866,3600
837866,1086
837866,3618
837866,4254
837866,4566
837866,4256
837866,2113
837866,568
837866,575
837867,576
837867,567
837867,2113
837867,4255
837867,4566
837871,3600
837871,1086
837871,3618
837871,4254
837871,4566
837871,4256
837871,2113
837871,568
837871,575
837874,576
837874,567
837874,2113
837874,4255
837874,3641
837874,4254
837875,567
837875,2113
837875,4255
837875,3641
837875,4254
837875,3619
837875,1085
837875,3600
837876,576
837876,567
837877,582
837877,568
837877,575
837877,4892
837881,582
837881,568
837881,575
837881,4892
837881,874
837881,613
837939,4423
837939,3671
837939,3065
837939,1082
837939,3710
837939,3707
837939,1703
837939,3670
837939,3683
837939,727
837939,3415
837942,1239
837942,281
837942,403
837942,2341
837942,1816
837942,4878
837942,4880
837942,4876
837942,4875
837942,4874
837943,3008
837943,891
837943,1138
837943,3412
837943,211
837943,240
837943,3518
837943,3104
837943,509
837943,3526
837943,546
837943,27
837952,2342
837952,1963
837952,3182
837952,2861
837952,1149
837952,5297
837952,1142
837952,824
837952,4562
837953,2528
837953,481
837954,3890
837954,480
837954,2527
837955,647
837955,639
837955,3899
837955,1248
837955,708
837955,711
837955,3421
837955,2305
837956,1230
837956,3421
837956,707
837956,613
837956,637
837959,1215
837959,481
837962,3008
837962,891
837962,1138
837962,3412
837962,211
837962,240
837962,3518
837964,3008
837964,891
837964,1138
837964,211
837964,240
837964,3518
837969,1248
837969,711
837969,3420
837974,91
837974,798
837974,994
837975,91
837975,798
837975,994
837977,4291
837977,4277
837977,1933
837977,4279
837977,2666
837977,4401
837977,3813
837977,335
837978,334
837978,3812
837978,4400
837978,2665
837978,4280
837978,1934
837978,4278
837979,334
837979,3812
837979,4400
837979,2665
837979,4280
837979,1934
837979,4278
837980,4277
837980,1933
837980,4279
837980,2666
837980,4401
837980,3813
837980,335
837985,148
837985,2714
837986,148
838010,4248
838010,2040
838010,1015
838039,334
838039,3812
838039,4400
838039,2665
838039,4280
838039,1934
838039,4278
838039,4754
838039,4287
838044,2274
838044,3415
838044,2828
838044,707
838044,613
838044,4652
838044,638
838044,700
838049,469
838049,5107
838049,3906
838049,3104
838049,3526
838049,547
838049,242
838049,5155
838049,2479
838050,1901
838050,604
838050,708
838050,711
838050,3420
838058,4652
838058,1892
838058,603
838058,1900
838059,4652
838059,637
838059,666
838059,212
838059,5296
838059,271
838059,281
838059,812
838062,575
838062,977
838062,2028
838062,1330
838062,3517
838062,3105
838062,927
838063,637
838063,666
838063,212
838063,195
838063,179
838072,1188
838072,711
838072,3421
838072,2305
838073,1188
838073,711
838073,3421
838073,2305
838079,3422
838103,650
838103,665
838108,1249
838108,3134
838110,1901
838110,604
838110,708
838110,711
838110,3420
838110,2488
838111,1901
838111,604
838111,708
838111,711
838111,3420
838111,2488
838112,1901
838112,602
838116,2899
838116,55
838116,2274
838116,2304
838116,3415
838116,2828
838116,707
838116,626
838118,494
838123,666
838123,5296
838123,271
838123,281
838123,403
838123,378
838128,1901
838132,4652
838132,1892
838132,603
838132,1900
838134,1892
838134,603
838134,1900
838136,666
838136,212
838136,5296
838136,271
838136,281
838136,812
838137,4652
838137,637
838137,666
838137,212
838137,5296
838137,271
838138,666
838138,212
838138,5296
838138,271
838139,666
838139,212
838139,5296
838139,271
838140,1149
838140,1865
838140,5297
838140,1142
838140,824
838140,639
838140,3895
838141,666
838141,212
838141,5296
838141,271
838141,281
838141,812
838142,666
838142,212
838142,5296
838142,271
838142,281
838142,812
838145,1160
838147,1248
838147,708
838147,711
838147,3421
838147,2305
838147,728
838153,637
838153,666
838153,212
838153,195
838153,179
838154,5297
838155,1901
838155,604
838155,708
838155,711
838155,3422
838157,642
838157,636
838157,1312
838157,1176
838157,4517
838157,4893
838157,1901
838157,604
838157,605
838157,708
838157,711
838157,3421
838162,1160
838162,639
838162,3899
838162,1892
838162,604
838162,934
838162,568
838163,568
838163,1189
838163,935
838163,707
838163,613
838163,4652
838163,637
838163,644
838163,1329
838163,665
838166,1160
838166,639
838166,3899
838166,1892
838166,604
838166,934
838166,567
838167,568
838167,1189
838167,935
838167,707
838167,613
838167,4652
838167,637
838167,644
838167,1329
838167,665
838170,1160
838170,639
838170,3899
838170,1892
838170,604
838170,934
838170,2117
838170,568
838171,1160
838171,639
838171,3899
838171,1892
838171,604
838171,934
838171,2117
838171,567
838172,1034
838172,1701
838172,568
838172,1189
838172,935
838172,707
838172,613
838172,4652
838172,637
838172,644
838172,1329
838172,665
838173,1034
838173,1701
838173,568
838173,2117
838173,1189
838173,935
838173,707
838173,613
838173,4652
838173,637
838173,644
838173,1329
838173,665
838174,568
838174,2117
838174,1189
838174,935
838174,707
838174,613
838174,4652
838174,637
838174,644
838174,1329
838174,665
838176,568
838176,1034
838176,1701
838176,1189
838176,935
838176,707
838176,613
838176,4652
838176,637
838176,644
838176,1329
838176,665
838177,568
838177,2117
838177,1189
838177,935
838177,707
838177,613
838177,4652
838177,637
838177,644
838177,1329
838177,665
838178,1329
838178,665
838179,1160
838185,824
838185,1164
838186,1163
838186,666
838192,2342
838196,3420
838196,2782
838196,4566
838196,4256
838196,2115
838200,4553
838200,2934
838200,2781
838200,3415
838247,1680
838269,2838
838269,3476
838269,74
838269,1025
838270,83
838270,2482
838270,73
838270,3467
838270,2839
838270,3994
838271,83
838271,2482
838271,73
838275,3995
838275,2838
838275,3476
838275,74
838275,1025
838276,3995
838276,2838
838276,3476
838276,74
838276,1025
838278,3995
838278,2838
838278,3476
838278,74
838278,1025
838279,74
838279,1025
838280,74
838280,1025
838281,74
838281,1025
838282,74
838282,1025
838299,1901
838299,604
838299,708
838299,711
838299,3421
838299,2305
838299,2871
838301,1160
838301,824
838301,651
838301,3517
838301,508
838301,3106
838301,3514
838301,3901
838302,1901
838302,613
838304,1160
838304,824
838304,651
838304,3517
838304,508
838304,3106
838304,3514
838304,3901
838308,1160
838308,639
838308,3899
838308,1892
838308,604
838308,568
838308,1034
838308,1701
838316,603
838320,3514
838320,508
838320,480
838320,347
838320,2666
838320,4389
838320,4825
838320,2010
838320,4738
838321,2011
838321,4827
838321,4389
838321,2665
838321,348
838321,481
838321,509
838326,4255
838326,2934
838326,2781
838326,3415
838328,1093
838328,4254
838328,4566
838328,3608
838328,4432
838328,3415
838332,3421
838332,728
838332,4596
838332,3668
838332,1979
838332,3669
838332,3706
838332,3709
838332,1081
838332,3064
838332,3672
838332,4422
838336,576
838336,2880
838336,565
838336,551
838336,607
838337,3667
838337,3707
838337,1703
838337,3668
838337,1731
838337,3037
838337,3647
838337,3653
838337,2899
838337,2274
838337,3419
838337,4591
838337,3599
838338,576
838338,567
838338,2113
838338,4255
838338,3641
838338,4254
838338,3619
838338,1085
838338,3600
838340,3667
838340,3707
838340,1703
838340,3668
838340,1731
838340,3037
838340,3647
838340,3653
838340,2899
838340,2274
838340,3415
838341,3598
838341,4590
838341,2506
838341,3415
838342,4566
838342,4256
838342,2113
838342,568
838342,575
838343,3600
838343,1086
838343,3632
838343,4254
838343,4566
838346,3134
838346,481
838346,3891
838346,2341
838347,2011
838347,4400
838347,348
838347,1215
838347,481
838348,378
838348,3890
838348,480
838348,2955
838348,3134
838350,2955
838350,3134
838351,480
838351,347
838351,2666
838351,4401
838351,2010
838351,864
838398,378
838398,864
838398,327
838398,2816
838398,546
838398,4893
838398,1901
838398,604
838398,711
838398,3421
838398,2305
838399,2274
838399,3415
838399,2828
838399,603
838399,4892
838399,1330
838399,2815
838399,3891
838399,2342
838400,116
838400,788
838400,1142
838400,665
838402,2528
838402,481
838402,3891
838402,3933
838402,3182
838402,2855
838402,1174
838402,1142
838402,2172
838402,675
838402,5108
838410,2274
838410,3415
838410,2828
838410,603
838410,4892
838410,1330
838410,2815
838411,2274
838411,3415
838411,2828
838411,603
838411,4892
838411,1330
838411,2815
838415,642
838415,636
838415,1312
838415,1176
838415,4893
838415,1901
838415,604
838415,605
838415,708
838415,711
838415,3421
838416,2172
838416,675
838417,637
838417,2172
838417,675
838420,2855
838420,1174
838420,1142
838420,2172
838420,675
838420,5108
838421,2172
838421,675
838421,5108
838430,2899
838430,55
838430,1945
838430,2274
838430,2304
838430,3415
838430,2828
838430,707
838430,603
838430,4892
838430,1330
838430,3517
838430,508
838431,1160
838431,824
838431,651
838431,3517
838431,508
838456,1093
838456,4254
838456,4566
838456,3608
838456,4432
838456,3415
838456,2828
838456,707
838456,603
838461,1200
838461,3662
838461,3664
838461,3635
838461,3614
838461,3600
838461,3603
838461,3596
838461,3598
838461,4590
838461,2506
838461,3415
838461,2828
838461,707
838469,708
838469,711
838469,3419
838469,2279
838469,4591
838469,3599
838469,3597
838469,3604
838469,3601
838469,3664
838469,3635
838471,708
838471,711
838471,3419
838471,2279
838471,4591
838471,3599
838471,3597
838471,3604
838471,3601
838471,3663
838471,1083
838472,1200
838472,3662
838472,3600
838472,3603
838472,3596
838472,3598
838472,4590
838472,2506
838472,3415
838472,2828
838472,707
838477,604
838477,708
838477,711
838477,3422
838477,4431
838477,4523
838477,3641
838477,3621
838477,1092
838478,1901
838478,604
838478,708
838478,711
838478,3422
838478,4431
838478,4523
838478,3641
838478,4254
838480,1093
838480,4254
838480,4566
838480,3608
838480,4432
838480,3415
838480,2828
838480,707
838480,603
838482,4254
838482,4566
838482,3608
838482,4432
838482,3415
838482,2828
838482,707
838482,603
838483,4566
838483,3608
838483,4432
838483,3415
838483,2828
838483,707
838483,603
838484,1093
838484,4254
838484,4566
838484,3608
838484,4432
838484,3415
838484,2828
838484,707
838484,603
838485,4254
838485,4566
838485,3608
838485,4432
838485,3415
838485,2828
838485,707
838485,603
838489,708
838489,711
838489,3419
838489,2279
838489,4591
838489,3599
838489,3597
838489,3604
838489,3616
838489,3601
838489,4528
838489,3720
838491,3720
838491,4529
838491,3600
838491,3603
838491,3596
838491,3598
838491,4590
838491,2506
838491,3415
838491,2828
838491,707
838492,3720
838492,4529
838492,3600
838492,3603
838492,3596
838492,3598
838492,4590
838492,2506
838492,3415
838492,2828
838492,707
838499,708
838499,711
838499,3419
838499,2279
838499,4591
838499,3599
838499,3597
838499,3604
838499,1086
838499,4555
838499,3629
838501,3628
838501,4554
838501,3617
838501,3603
838501,3596
838501,3598
838501,4590
838501,2506
838501,3415
838501,2828
838501,707
838501,1819
838504,3707
838504,1703
838504,3670
838504,3683
838504,727
838504,3415
838506,2255
838506,4660
838506,4566
838506,3608
838506,4432
838506,3415
838506,2828
838506,707
838506,603
838507,1901
838507,604
838507,708
838507,711
838507,3422
838507,4431
838507,4523
838507,3641
838507,3027
838507,4659
838507,2254
838508,2255
838508,4660
838508,4566
838508,3608
838508,4432
838508,3415
838508,2828
838508,707
838508,603
838509,1092
838509,2255
838509,4660
838509,4566
838509,3608
838509,4432
838509,3415
838509,2828
838509,707
838509,603
838511,3689
838511,2255
838511,4660
838511,4566
838511,3608
838511,4432
838511,3415
838511,2828
838511,707
838511,603
838533,1398
838533,3522
838533,1418
838533,2031
838533,1868
838534,4573
838534,1580
838534,1419
838534,4897
838535,1398
838535,1541
838535,1579
838535,1868
838538,1751
838538,2032
838538,1596
838538,5179
838538,2355
838542,1548
838542,1420
838542,3521
838550,1495
838564,1680
838568,1396
838578,1635
838578,4685
838578,1544
838579,1541
838579,4684
838579,4572
838592,73
838595,2838
838595,3476
838595,74
838595,1025
838604,1497
838604,2818
838604,5310
838604,2031
838607,1680
838607,4250
838607,1614
838607,2817
838612,2356
838612,1501
838612,1580
838612,1544
838613,5289
838613,179
838614,180
838614,5290
838615,5288
838615,1791
838615,4634
838615,4478
838615,4707
838615,4467
838616,4492
838616,4429
838616,4479
838616,3235
838616,1865
838616,5274
838617,2341
838617,375
838617,4413
838618,5289
838618,179
838618,4387
838618,4490
838619,4387
838619,180
838619,5290
838620,4387
838620,180
838620,5290
838621,180
838621,5290
838622,5288
838622,1791
838622,4634
838622,4478
838622,4465
838622,4746
838624,4747
838624,4429
838624,4479
838624,3235
838624,1865
838624,5274
838625,4429
838625,4479
838625,3235
838625,1865
838625,5274
838626,4747
838626,4429
838626,4479
838626,3235
838626,1865
838626,5274
838627,2528
838627,2036
838627,353
838627,4284
838627,4286
838628,4285
838628,4283
838628,1217
838628,357
838628,2527
838630,153
838630,148
838630,1705
838631,153
838631,148
838632,153
838632,148
838632,1705
838633,153
838633,148
838633,1705
838638,616
838638,1248
838638,708
838638,711
838638,3419
838638,2279
838638,4591
838638,3599
838638,3597
838638,3604
838638,3601
838638,3635
838638,3614
838638,3665
838638,3663
838638,1083
838639,1200
838639,3662
838639,3664
838639,1204
838639,4602
838639,3614
838639,3600
838639,3603
838639,3596
838639,3598
838639,4590
838639,2506
838639,3415
838639,2828
838639,707
838639,1819
838640,1901
838640,604
838640,708
838640,711
838640,3422
838640,4431
838640,4523
838640,3641
838640,3621
838640,1092
838641,616
838641,1248
838641,708
838641,711
838641,3419
838641,2279
838641,4591
838641,3599
838641,3597
838641,3604
838641,3601
838641,4528
838641,3720
838642,3720
838642,4529
838642,3600
838642,3603
838642,3596
838642,3598
838642,4590
838642,2506
838642,3415
838642,2828
838642,707
838642,1819
838643,616
838643,1248
838643,708
838643,711
838643,3419
838643,2279
838643,4591
838643,3599
838643,3597
838643,3604
838643,1086
838643,3632
838643,3621
838643,1092
838644,3689
838644,3736
838644,1093
838644,4254
838644,3617
838644,3603
838644,3596
838644,3598
838644,4590
838644,2506
838644,3415
838644,2828
838644,707
838644,1819
838645,3421
838645,728
838645,3244
838645,3720
838645,3656
838645,3669
838645,1702
838645,3706
838645,3709
838645,1081
838645,3672
838645,4422
838646,1200
838646,3662
838646,3664
838646,1204
838646,3635
838646,3614
838646,3615
838646,4529
838646,3600
838646,3603
838646,3596
838646,3598
838646,4590
838646,2506
838646,3415
838646,2828
838646,707
838646,1819
838647,1200
838647,3662
838647,3600
838647,3616
838647,3603
838647,3596
838647,3598
838647,4590
838647,2506
838647,3415
838647,2828
838647,707
838647,1819
838648,616
838648,1248
838648,708
838648,711
838648,3419
838648,2279
838648,4591
838648,3599
838648,3597
838648,3604
838648,3601
838648,3663
838648,1083
838649,1200
838649,3662
838649,3600
838649,3603
838649,3596
838649,3598
838649,4590
838649,2506
838649,3415
838649,2828
838649,707
838649,1819
838652,616
838652,1248
838652,708
838652,711
838652,3419
838652,2279
838652,4591
838652,3599
838652,3597
838652,3604
838652,3601
838652,3664
838652,3635
838656,616
838656,1248
838656,708
838656,711
838656,3419
838656,2279
838656,4591
838656,3599
838656,3597
838656,3604
838656,3616
838656,3601
838656,4528
838656,3720
838659,3720
838659,4529
838659,3600
838659,3616
838659,3603
838659,3596
838659,3598
838659,4590
838659,2506
838659,3415
838659,2828
838659,707
838659,1819
838660,3601
838660,4529
838660,3600
838660,3603
838660,3596
838660,3598
838660,4590
838660,2506
838660,3415
838660,2828
838660,707
838660,1819
838661,616
838661,1248
838661,708
838661,711
838661,3419
838661,2279
838661,4591
838661,3599
838661,3597
838661,3604
838661,3616
838661,1086
838661,3632
838661,3621
838661,1092
838662,616
838662,1248
838662,708
838662,711
838662,3419
838662,2279
838662,4591
838662,3599
838662,3597
838662,3604
838662,1086
838663,616
838663,1248
838663,708
838663,711
838663,3419
838663,2279
838663,4591
838663,3599
838663,3597
838663,3604
838663,1086
838663,4555
838663,3629
838664,616
838664,1248
838664,708
838664,711
838664,3419
838664,2279
838664,4591
838664,3599
838664,3597
838664,3604
838664,1086
838664,4555
838664,3629
838665,616
838665,1248
838665,708
838665,711
838665,3419
838665,2279
838665,4591
838665,3599
838665,3597
838665,3604
838665,1086
838665,3632
838665,4254
838666,3628
838666,4554
838666,3617
838666,3603
838666,3596
838666,3598
838666,4590
838666,2506
838666,3415
838666,2828
838666,707
838666,1819
838668,4254
838668,3617
838668,3603
838668,3596
838668,3598
838668,4590
838668,2506
838668,3415
838668,2828
838668,707
838668,1819
838669,3421
838669,728
838669,3244
838669,3656
838669,3668
838669,1979
838669,3669
838669,3706
838670,4423
838670,3671
838670,3065
838670,1082
838670,3707
838670,3668
838670,1979
838670,3670
838670,4597
838670,3720
838670,727
838670,3415
838671,4423
838671,3671
838671,3065
838671,1082
838671,3707
838671,3670
838671,4597
838671,3720
838671,4529
838671,727
838671,3415
838672,3933
838672,2863
838672,316
838672,2816
838672,613
838672,3895
838673,3899
838673,1819
838673,2815
838673,317
838673,281
838673,3934
838674,3526
838674,546
838674,1248
838674,711
838674,3420
838675,3415
838675,2828
838675,1819
838675,1330
838675,3517
838676,3077
838676,180
838676,5290
838676,5288
838676,271
838676,281
838676,3782
838676,378
838677,2342
838677,3781
838677,2861
838677,1149
838677,5274
838677,5289
838677,179
838677,3076
838678,3415
838678,2828
838678,707
838678,606
838678,603
838678,1900
838678,4892
838678,1289
838678,2029
838678,1313
838678,637
838678,668
838678,2172
838678,675
838679,3884
838679,3415
838679,2828
838679,707
838679,603
838679,1900
838679,4892
838681,5274
838681,1759
838681,211
838681,240
838682,3412
838682,3547
838682,5297
838682,1151
838682,305
838682,3891
838682,1002
838683,396
838683,3890
838683,304
838683,2855
838683,5296
838683,1759
838683,3416
838686,815
838686,242
838686,5296
838687,180
838687,5297
838687,240
838687,814
838688,4570
838688,5296
838688,5278
838688,179
838688,3222
838688,188
838689,3221
838689,180
838689,5297
838689,4571
838689,869
838690,4894
838690,4570
838690,5296
838691,5297
838691,4571
838691,869
838691,4626
838692,2899
838692,51
838692,2274
838692,3415
838692,2828
838692,707
838692,603
838692,4892
838693,891
838693,3547
838693,5288
838693,271
838693,2863
838694,284
838694,2861
838694,1149
838694,1865
838694,5274
838694,1759
838694,1251
838695,2816
838695,952
838695,1782
838695,4894
838695,3517
838696,2899
838696,55
838696,1945
838696,2274
838696,2304
838696,3415
838696,2828
838696,707
838696,603
838696,4892
838696,1330
838696,3517
838696,508
838696,3102
838696,3514
838696,2861
838696,1149
838696,5274
838697,5288
838697,271
838697,2863
838697,3518
838697,3102
838697,509
838697,3526
838697,2953
838697,546
838697,4893
838697,604
838697,708
838697,711
838697,3421
838697,2273
838697,2305
838697,1945
838697,2871
838698,4652
838698,1819
838698,1330
838698,3517
838698,508
838698,3102
838698,3514
838698,1154
838698,5296
838698,1759
838698,15
838699,16
838699,198
838699,3547
838699,5297
838699,1151
838699,494
838699,3518
838699,3102
838699,509
838699,3526
838699,546
838699,613
838699,3895
838700,1215
838700,481
838700,3104
838700,509
838700,3526
838700,5296
838700,3801
838701,3802
838701,5297
838701,3517
838701,508
838701,3103
838701,480
838701,2035
838702,977
838702,818
838702,4381
838703,2880
838703,553
838703,4892
838703,1330
838703,3517
838703,508
838703,3105
838703,3514
838703,242
838703,212
838703,129
838703,1251
838704,3008
838704,891
838704,1138
838704,211
838704,240
838704,3105
838704,509
838704,3526
838704,546
838704,4895
838704,554
838704,2880
838705,553
838705,4892
838705,1330
838705,3517
838705,508
838705,3103
838705,480
838705,2527
838706,2528
838706,481
838706,3103
838706,509
838706,3526
838706,546
838706,4895
838706,554
838707,3899
838707,1819
838707,2815
838707,317
838707,281
838707,3934
838708,3899
838708,1819
838708,2815
838708,317
838708,281
838708,3934
838710,3933
838710,2863
838710,316
838710,2816
838710,613
838710,3895
838711,3899
838711,1819
838711,2815
838711,317
838711,281
838711,3934
838712,3933
838712,2863
838712,316
838712,2816
838712,613
838712,4652
838713,3899
838713,1819
838713,2815
838713,317
838713,281
838713,3934
838714,378
838715,3526
838715,546
838715,1248
838715,711
838715,3420
838716,3415
838716,2828
838716,1819
838716,1330
838716,3517
838717,1819
838717,1330
838717,3517
838718,1819
838718,1330
838719,3526
838719,546
838719,613
838723,116
838723,788
838724,613
838727,3077
838727,180
838727,5290
838727,5297
838728,2342
838728,2861
838728,1149
838729,3077
838729,180
838729,5290
838729,5288
838729,271
838729,281
838729,378
838730,2342
838730,2861
838730,1149
838730,5274
838730,5289
838730,179
838730,3076
838731,3077
838731,180
838731,5290
838731,5288
838731,271
838731,281
838731,378
838732,2861
838732,1149
838732,5274
838732,5289
838732,179
838732,3076
838734,1153
838734,2342
838734,2861
838734,1149
838734,5274
838734,5289
838734,179
838734,3076
838735,3077
838735,180
838735,5290
838735,5288
838735,271
838735,281
838735,3782
838735,378
838735,1153
838736,3077
838736,180
838736,5290
838736,5288
838736,271
838736,281
838736,378
838736,1153
838737,1153
838737,2342
838737,3781
838737,2861
838737,1149
838737,5274
838737,5289
838737,179
838737,3076
838738,1153
838738,2342
838738,2861
838738,1149
838738,5274
838738,5289
838738,179
838738,3076
838739,2342
838740,5296
838740,5289
838740,179
838740,3076
838741,3415
838741,2828
838741,707
838741,606
838741,603
838741,1900
838741,4892
838741,1289
838741,2029
838741,1313
838741,637
838741,668
838742,603
838742,1900
838742,4892
838743,212
838743,3547
838743,5288
838746,240
838748,5274
838748,1759
838748,211
838748,240
838750,5274
838750,1759
838750,1142
838753,788
838753,3412
838753,3547
838753,5297
838753,1151
838753,305
838753,3891
838753,1002
838754,396
838754,3890
838754,304
838754,2855
838754,5296
838754,1759
838754,3416
838755,3412
838755,3547
838755,5297
838755,1151
838755,305
838755,3891
838755,1002
838763,815
838763,242
838763,5296
838765,180
838765,5297
838765,240
838765,814
838767,5296
838768,5297
838769,603
838769,4892
838772,5274
838773,5288
838773,271
838773,2863
838773,3518
838773,3102
838774,1149
838774,5274
838775,2861
838775,4706
838775,1149
838775,5274
838777,1138
838777,3412
838777,211
838777,240
838779,469
838779,5107
838779,3906
838779,509
838779,3526
838779,547
838780,509
838780,3526
838780,546
838780,613
838780,3895
838783,16
838783,198
838783,3547
838783,5297
838783,1151
838783,494
838783,3518
838783,3102
838784,16
838784,198
838784,3547
838784,5297
838784,1151
838784,494
838784,3518
838785,3514
838785,1154
838785,5296
838785,1759
838785,15
838786,509
838786,3526
838786,546
838786,613
838786,637
838787,546
838787,613
838787,637
838788,3526
838788,546
838788,613
838788,637
838789,5288
838789,271
838789,281
838790,864
838791,509
838791,3526
838791,2816
838791,1782
838791,638
838792,864
838792,3901
838793,3802
838793,5297
838793,3517
838793,508
838793,3103
838793,480
838793,2035
838794,3802
838794,5297
838794,3517
838794,508
838794,3103
838794,480
838794,2035
838795,3802
838795,5297
838795,3517
838795,508
838796,1002
838798,977
838798,818
838798,4381
838801,2880
838801,553
838801,4892
838801,1330
838801,3517
838801,508
838805,546
838805,4895
838805,554
838805,2880
838807,603
838807,1061
838807,2880
838810,553
838810,4892
838810,1330
838810,3517
838810,508
838814,2528
838814,481
838814,3103
838814,509
838814,3526
838814,546
838814,4895
838814,554
838816,575
838816,977
838816,2028
838816,1330
838816,3517
838816,3105
838817,707
838817,613
838826,1629
838826,1433
838826,2034
838826,1417
838826,3521
838826,1397
838828,1635
838828,4685
838828,1544
838828,3523
838828,1418
838828,2031
838828,1495
838829,4898
838829,1547
838829,3524
838844,1160
838844,639
838844,3899
838844,1892
838844,604
838844,934
838844,1034
838844,1701
838844,567
838917,2276
838917,3415
838922,378
838922,864
838922,327
838922,2816
838926,5274
838926,1759
838926,211
838926,240
838929,4706
838929,1963
838929,2863
838929,316
838929,3518
838929,3892
838929,1249
838929,3134
838933,3134
838933,5107
838933,3514
838933,317
838933,281
838933,403
838933,4706
838933,3256
838936,469
838936,5107
838936,3514
838936,317
838936,281
838936,403
838936,4706
838936,3256
838941,812
838941,403
838959,553
838959,4892
838969,26
838969,5125
838969,3906
838969,319
838969,2855
838969,5296
838970,5297
838970,1151
838970,318
838970,3892
838970,27
838974,26
838974,5107
838974,3906
838974,319
838974,2855
838974,5296
838975,5297
838975,1306
838975,1151
838975,318
838975,3892
838975,1249
838975,27
838979,3891
838979,396
838979,4878
838979,4880
838979,4876
838979,4875
838979,4874
838998,1151
838998,318
838998,3892
838998,27
838999,1151
838999,318
838999,3892
838999,27
839000,3892
839000,27
839001,26
839001,5125
839001,3906
839001,319
839001,2855
839001,5296
839002,26
839002,5125
839002,3906
839002,319
839004,26
839004,5125
839004,3906
839004,319
839013,1151
839013,318
839013,3892
839013,1249
839013,27
839014,26
839014,5107
839014,3906
839014,319
839014,2855
839014,5296
839015,26
839015,5107
839015,3906
839015,319
839019,3891
839019,396
839019,4878
839019,4880
839020,3891
839020,396
839020,4878
839020,4880
839021,3891
839021,396
839021,4878
839021,4880
839021,4876
839021,4875
839021,4874
839021,4880
839037,26
839037,1330
839037,3517
839037,508
839037,3104
839037,3514
839037,242
839037,212
839037,2579
839037,3416
839037,1251
839037,2999
839038,1230
839038,3415
839038,2828
839038,707
839038,1819
839038,1312
839038,2028
839038,1330
839038,3517
839038,508
839038,3107
839038,3514
839038,2816
839038,1154
839038,281
839039,5297
839039,4571
839039,3517
839041,5297
839041,4571
839041,869
839042,5109
839042,212
839042,1306
839042,281
839042,1962
839042,3934
839042,3890
839042,480
839042,2527
839043,788
839043,5154
839043,240
839043,1330
839043,3517
839043,508
839043,3107
839043,3892
839043,1249
839043,3134
839044,3182
839044,2861
839044,1149
839044,1865
839044,5297
839044,1142
839044,824
839044,639
839044,3895
839045,3218
839045,788
839045,5154
839045,5160
839045,240
839045,30
839045,305
839045,3900
839048,3008
839048,891
839048,1138
839048,3412
839048,211
839048,240
839048,3518
839049,26
839049,1330
839049,3517
839049,508
839049,3104
839049,3514
839049,242
839049,212
839049,2579
839049,3416
839051,3514
839051,2855
839051,1142
839052,1230
839052,3415
839052,2828
839052,707
839052,1819
839052,1312
839052,2028
839052,1330
839052,3517
839052,508
839052,3107
839052,3514
839052,2816
839052,1154
839052,281
839054,1230
839054,3415
839054,2828
839054,707
839054,1819
839054,1312
839054,2028
839054,1330
839054,3517
839054,508
839055,480
839055,2035
839056,1215
839056,481
839060,5296
839064,1151
839064,305
839064,3891
839075,103
839075,3762
839075,5154
839076,242
839076,5167
839076,5155
839076,115
839076,3136
839077,115
839077,3136
839078,3895
839079,2815
839079,3891
839079,396
839079,2342
839083,3183
839083,2855
839084,1312
839084,2028
839084,3517
839084,508
839084,3102
839086,212
839086,2479
839086,115
839087,5296
839088,5154
839088,5160
839088,240
839088,30
839088,305
839088,3900
839090,637
839091,650
839091,965
839091,1330
839091,3517
839091,480
839092,638
839094,553
839094,4894
839094,5123
839094,3517
839094,480
839094,2527
839098,553
839098,4894
839098,5123
839098,3517
839098,480
839098,3894
839099,554
839102,1149
839102,1865
839102,5297
839102,1142
839102,824
839102,639
839102,3895
839103,2861
839103,1149
839103,5274
839156,148
839156,1705
839157,992
839157,1705
839159,148
839160,148
839160,1705
839161,148
839161,1705
839162,153
839162,148
839165,153
839165,148
839165,1705
839166,1704
839166,149
839166,153
839169,992
839169,1015
839169,1705
839170,992
839170,1015
839170,1705
839172,992
839172,1015
839174,1704
839174,895
839174,3870
839175,1704
839175,2251
839175,895
839175,3870
839176,3871
839176,992
839176,1705
839181,1704
839181,895
839183,895
839183,3976
839187,3977
839187,992
839187,1705
839191,3976
839194,3977
839194,992
839194,1705
839198,4700
839198,3537
839198,638
839198,4646
839209,4647
839209,636
839210,1901
839210,604
839210,708
839210,711
839210,3422
839210,4431
839210,4523
839210,3641
839210,3027
839210,4659
839210,2254
839211,4423
839211,3671
839211,3065
839211,1082
839211,3710
839211,3707
839211,1703
839211,3670
839211,3683
839211,3720
839211,727
839211,3415
839213,1901
839213,604
839213,708
839213,711
839213,3422
839213,4431
839213,4523
839213,4566
839214,616
839214,1248
839214,708
839214,711
839214,3419
839214,2279
839214,4591
839214,3599
839214,3597
839214,3604
839214,1086
839214,4555
839214,4554
839214,3601
839214,4528
839214,3720
839216,3628
839216,4554
839216,3617
839216,3603
839216,3596
839216,3598
839216,4590
839216,2506
839216,3415
839217,3421
839217,728
839217,3244
839217,3669
839217,1702
839217,3706
839217,3709
839217,1081
839217,3064
839217,3672
839217,4422
839218,4423
839218,3671
839218,3065
839218,1082
839221,3598
839221,4590
839221,2506
839221,3421
839221,2305
839221,2871
839221,3652
839221,3646
839221,3036
839221,1979
839221,3669
839221,1702
839221,3706
839221,3588
839221,3666
839221,3722
839222,3421
839222,2305
839222,2871
839222,3652
839222,3646
839222,3036
839222,1979
839222,3669
839222,1702
839222,3706
839222,3588
839222,3666
839222,3722
839223,3419
839223,4591
839223,3599
839239,788
839239,211
839243,1680
839244,1751
839245,1497
839245,2818
839245,5310
839245,2031
839245,2496
839246,4250
839246,1614
839246,2817
839247,1534
839247,1418
839247,2031
839247,1897
839249,1419
839249,4897
839250,1578
839250,1544
839250,1407
839250,1532
839251,1497
839251,1531
839251,1408
839251,1542
839251,1579
839251,1396
839262,4728
839262,4521
839262,3123
839262,636
839267,1782
839267,638
839267,3124
839267,4439
839270,1782
839270,638
839270,3124
839270,4439
839270,4908
839273,1149
839273,5297
839273,240
839273,1782
839273,639
839273,3899
839275,952
839275,1782
839276,3134
839276,5107
839276,3514
839276,317
839276,281
839276,403
839276,4706
839278,636
839278,818
839278,242
839278,5296
839278,271
839279,636
839279,818
839279,242
839279,5296
839279,271
839280,1149
839280,5297
839280,240
839280,1782
839281,4894
839281,3517
839281,3573
839283,3134
839283,5107
839283,3906
839283,3104
839283,3526
839283,547
839283,242
839283,5155
839283,2479
839285,3901
839285,315
839285,1782
839285,641
839286,977
839286,820
839286,1782
839288,1901
839288,613
839288,3895
839290,2274
839290,3415
839290,2828
839291,116
839291,788
839291,1142
839295,642
839295,636
839295,1312
839295,1176
839295,4517
839295,4893
839295,1901
839295,604
839295,605
839295,708
839295,711
839295,3421
839296,1901
839296,613
839296,3895
839300,666
839300,5296
839300,271
839300,281
839300,403
839300,378
839301,1704
839301,149
839302,1704
839302,72
839302,1125
839302,4804
839302,114
839303,1704
839304,1015
839304,1705
839304,4201
839307,1704
839307,149
839308,83
839308,2482
839308,73
839308,3467
839308,2839
839309,1704
839309,895
839310,1704
839310,149
839310,912
839311,148
839311,1705
839314,1015
839316,1705
839319,2838
839319,3476
839319,74
839319,1025
839320,2838
839320,3476
839320,74
839320,1025
839322,992
839323,992
839323,1705
839324,3871
839324,992
839327,1093
839327,4254
839327,4566
839327,3608
839327,4432
839327,3415
839327,2828
839327,707
839327,603
839328,3641
839328,3027
839328,4659
839328,2254
839330,242
839330,1813
839330,212
839330,3547
839330,5288
839332,636
839332,818
839332,3517
839332,508
839332,3106
839332,3514
839332,396
839333,1901
839333,613
839333,3895
839334,3890
839334,3518
839334,3106
839334,509
839334,3526
839334,2816
839334,650
839334,665
839335,667
839335,636
839336,637
839336,666
839336,212
839336,195
839336,179
839337,1233
839337,3105
839337,509
839337,3526
839337,841
839337,1176
839337,804
839337,576
839337,567
839340,647
839340,637
839342,1901
839343,1901
839343,604
839343,708
839343,711
839343,3420
839344,603
839344,1900
839344,4892
839346,2880
839346,553
839346,804
839346,637
839349,788
839349,5154
839349,240
839351,636
839351,818
839351,3517
839351,508
839351,3106
839357,5278
839357,179
839357,3222
839357,188
839358,3762
839358,5160
839359,815
839359,242
839359,5296
839359,2492
839360,2869
839360,5297
839360,240
839360,814
839362,665
839364,1160
839364,824
839364,651
839364,3517
839364,508
839364,3106
839364,3514
839364,3901
839365,3890
839365,3518
839365,3106
839365,509
839365,3526
839365,2816
839365,650
839365,665
839366,637
839366,668
839367,637
839367,666
839367,212
839367,195
839367,179
839368,575
839368,977
839368,2028
839368,1330
839368,3517
839368,3105
839368,927
839368,3581
839369,3517
839369,3518
839369,1218
839369,3894
839369,4138
839369,4123
839370,3517
839370,3518
839370,1218
839370,3894
839370,4138
839370,4123
839370,4375
839373,4652
839373,636
839373,818
839373,242
839373,5296
839373,271
839374,707
839375,509
839375,3526
839375,841
839375,2029
839375,1313
839375,637
839377,603
839377,1061
839377,554
839378,2528
839378,481
839378,509
839378,3526
839378,547
839379,1215
839379,481
839382,4652
839382,636
839382,818
839382,242
839382,5296
839382,271
839382,4706
839386,1396
839386,1750
839387,1497
839387,2818
839387,3523
839387,1419
839387,1471
839387,4899
839388,1542
839388,3523
839388,1419
839388,1547
839388,2536
839389,4896
839389,1470
839389,1420
839389,1581
839389,1502
839389,1572
839390,4896
839390,1420
839390,1581
839390,4572
839391,1578
839391,1544
839391,1407
839391,1532
839392,2356
839392,5180
839392,1595
839392,1616
839392,3520
839392,1397
839392,3907
839393,3908
839393,1398
839393,3522
839393,1615
839393,1596
839393,5179
839393,2355
839394,1573
839394,1501
839394,1387
839394,4685
839394,2817
839394,1531
839394,1408
839395,4896
839395,1470
839395,1420
839395,3521
839396,2033
839396,1472
839396,4899
839397,1573
839397,1501
839397,1580
839397,1533
839398,1548
839398,1420
839398,1581
839398,1502
839398,1572
839399,1534
839399,1581
839399,1502
839399,1572
839400,1542
839401,1750
839402,1548
839402,1420
839402,3521
839402,2820
839404,1897
839404,2032
839404,4250
839404,2817
839405,1897
839406,2818
839406,5310
839406,2031
839406,1897
839407,1897
839408,1603
839408,1497
839408,2818
839409,2820
839409,1496
839409,1604
839411,1573
839411,1501
839411,1580
839411,1533
839412,1542
839412,1418
839412,2031
839414,1897
839414,2034
839414,1417
839414,1533
839416,1534
839416,1581
839416,1502
839416,2355
839417,3523
839417,1419
839417,4897
839417,1628
839418,1419
839418,4897
839418,1628
839419,4896
839419,1420
839420,4573
839420,1580
839420,5310
839421,2741
839421,1581
839421,4572
839423,1497
839424,1680
839424,1578
839424,1544
839425,1398
839425,1541
839425,1579
839425,1396
839426,1398
839426,1541
839426,1579
839426,1868
839427,3908
839428,2356
839428,5180
839428,1595
839428,1533
839429,3908
839429,1398
839430,2356
839430,5180
839430,1578
839430,1565
839431,1407
839431,1532
839431,2818
839432,2820
839432,1531
839432,1408
839433,3908
839433,1398
839434,1541
839434,1581
839434,1502
839434,2355
839435,1573
839435,1501
839435,1580
839435,1544
839435,1397
839436,3415
839436,2828
839436,707
839436,603
839436,1900
839436,4892
839437,509
839437,3526
839437,841
839437,2029
839437,1313
839437,637
839437,3833
839438,3415
839438,2828
839438,707
839438,602
839438,613
839439,2899
839439,55
839439,1945
839439,2274
839439,2304
839439,3415
839439,2828
839439,707
839439,603
839439,4892
839439,1330
839439,3517
839439,508
839440,509
839440,3526
839440,2953
839440,546
839440,4893
839441,1759
839441,116
839441,788
839443,2899
839443,51
839443,2274
839443,3415
839443,2828
839443,707
839444,2594
839444,934
839450,603
839450,4892
839450,1330
839450,2815
839450,3891
839450,396
839450,2342
839452,5296
839452,271
839455,1160
839455,824
839455,651
839466,2251
839467,1015
839467,1705
839468,1015
839468,1705
839469,1015
839469,1705
839470,1015
839471,1704
839471,2251
839471,895
839472,3871
839472,992
839472,1015
839472,1705
839473,3871
839473,992
839473,1015
839473,1705
839476,3977
839476,992
839476,1705
839479,3977
839479,992
839479,1015
839479,1705
839480,3977
839480,992
839480,1015
839480,1705
839481,1704
839481,2251
839481,895
839481,3976
839483,3977
839483,992
839483,1015
839483,1705
839484,3977
839484,992
839484,1015
839484,1705
839485,637
839485,5108
839485,680
839485,5341
839486,5340
839486,1169
839486,5109
839486,1318
839486,642
839486,639
839486,1248
839487,637
839487,5108
839487,680
839487,5341
839487,5354
839487,4954
839488,5366
839488,5340
839488,1169
839488,5109
839488,1318
839488,642
839488,639
839488,1248
839489,1782
839489,638
839489,3124
839489,4439
839490,4521
839490,3123
839490,636
839491,4521
839491,3123
839491,636
839494,576
839494,567
839494,5373
839494,2113
839494,4255
839494,3641
839494,4254
839494,3619
839494,1085
839494,3600
839507,115
839507,4794
839507,3925
839507,2482
839507,73
839507,1705
839508,115
839508,4794
839508,3925
839508,2482
839508,73
839508,1705
839509,115
839509,4794
839509,3925
839509,2482
839509,73
839509,1705
839510,115
839510,4794
839510,3925
839510,2482
839510,73
839511,4794
839511,3925
839511,2482
839511,73
839511,1705
839512,4794
839512,3925
839512,2482
839512,73
839514,1704
839514,2251
839514,895
839515,115
839515,1139
839515,3925
839515,799
839515,1025
839516,115
839516,1139
839516,3925
839516,799
839516,1025
839517,115
839517,1139
839517,3925
839517,799
839517,1025
