variant_id,stop_id
805593,1603
805593,1497
819332,1496
819332,1604
819411,1603
819411,1497
819451,1868
822075,4747
822075,4460
822075,4114
822075,4457
822075,3410
822398,1396
826015,376
826015,1817
827213,4876
827213,4875
827213,4874
827213,4878
827213,864
828290,148
828290,1705
829061,708
829061,711
829061,3422
829067,4429
829067,4464
829067,4457
829067,3410
829073,4496
829073,4490
829073,4745
829073,4429
829073,4464
829073,4457
829073,3410
829340,2172
829752,3412
829752,1306
829752,2863
829752,3900
829752,2527
829828,2919
829828,2528
829828,3901
829903,927
829943,378
829943,3890
829968,1680
829968,4250
829968,1614
829968,2817
829968,1496
829968,1604
829970,1398
829970,3522
829970,1418
829970,2033
829970,1628
830345,4652
830345,637
830592,1496
830592,1604
830624,2818
830624,1534
830624,1418
830624,2033
830624,1628
831037,667
831037,636
831334,1603
831334,1497
831334,2818
831334,1534
831334,1418
831334,2033
831334,1628
831454,1531
831454,1408
831655,3134
831655,481
831655,3891
831655,2341
832941,812
832941,3861
832941,4458
832941,4463
832943,812
832943,3861
832943,4458
832943,4463
832943,4707
832943,4744
832943,4493
832943,4497
832969,636
832969,818
832969,3517
832969,508
832969,3106
832969,3514
832969,1000
832969,2342
833077,2528
833077,2036
833077,353
833077,4284
833077,4286
833077,4291
833077,4301
833077,4276
833077,4275
833078,812
833078,3861
833078,4458
833078,4115
833078,4459
833078,4746
833451,637
833451,1165
833451,668
833451,2172
833451,675
833451,5110
833466,2899
833466,55
833466,1945
833466,2274
833466,2304
833466,3415
833466,2828
833466,707
833502,5109
834323,148
834323,1705
834414,4125
834414,4137
834414,4122
834414,3906
834414,3514
834414,3519
834422,864
834422,3890
834422,3518
834422,3106
834422,509
834422,3526
834422,2816
834422,1782
834422,638
834461,864
834461,3890
834461,3518
834461,3106
834461,509
834461,3526
834461,2816
834461,1782
834461,638
834463,864
834463,3890
834463,3518
834463,3106
834463,509
834463,3526
834463,2816
834463,1782
834463,638
834464,509
834464,3526
834464,2816
834464,1782
834464,638
834474,1233
834474,3105
834474,509
834474,3526
834474,547
834475,509
834475,3526
834475,547
834477,1330
834477,5123
834487,5167
834487,5155
834487,115
834488,3762
834488,5154
834499,788
834499,211
834499,952
835120,4876
835120,4875
835120,4874
835120,4878
835120,864
835120,3890
835120,3526
835120,547
835262,4570
835262,5296
835278,3901
835278,304
835278,2531
835278,5167
835278,5155
835278,2479
835278,3217
835279,2274
835279,3415
835279,2828
835279,707
835279,1819
835279,1289
835279,2028
835279,5167
835279,5155
835279,212
835279,3547
835280,1759
835280,1142
835280,5154
835280,5162
835280,1176
835280,1178
835280,1248
835280,708
835280,711
835280,3421
835280,2305
835280,728
835282,180
835282,1142
835282,824
835282,638
835300,3526
835300,2816
835300,4570
835300,5296
835334,788
835335,2479
835335,115
835337,115
835343,116
835343,788
835344,4571
835344,869
835344,5123
835344,3517
835345,4571
835345,869
835345,5123
835345,3517
835363,5296
835363,271
835363,281
835363,3782
835363,378
835363,1153
835364,5296
835364,271
835364,281
835364,378
835364,1153
835367,5296
835367,271
835367,281
835409,396
835409,3890
835409,304
835409,2855
835410,3890
835410,304
835410,2855
835411,3890
835411,304
835412,1151
835412,305
835412,3891
835412,1002
835418,1151
835418,305
835418,3891
835419,1151
835419,305
835419,3891
835424,2479
835424,3217
835425,2479
835425,3217
835430,3218
835430,788
835431,3901
835431,304
835431,2531
835431,5167
835431,5155
835440,1759
835440,1142
835441,5167
835441,5155
835441,212
835441,3547
835442,728
835452,3134
835452,481
835452,3891
835452,2341
835460,2528
835460,3901
835460,2855
835460,1174
835462,3131
835463,1306
835463,2863
835463,3900
835463,2527
835464,1266
835464,3412
835464,1306
835464,2863
835464,3900
835464,2527
835480,3901
835480,281
835481,636
835481,818
835481,964
835481,4381
835481,493
835481,494
835481,3900
835482,3901
835482,952
835482,815
835482,1782
835482,638
835495,5296
835495,271
835495,2863
835506,2855
835506,1142
835507,1759
835507,116
835509,1759
835509,1142
835623,3908
835623,1548
835623,4897
835623,1868
835630,2356
835630,1501
835630,1580
835630,1544
835630,1397
835630,3907
835631,3908
835631,1398
835631,1541
835631,1581
835631,1502
835631,2355
835641,1573
835641,1501
835641,1580
835641,1419
835641,1547
835679,3908
836025,469
836025,5107
836025,3906
836025,3104
836025,3526
836025,547
836025,242
836025,5155
836034,5297
836272,1249
836272,27
836273,26
836273,5107
836276,3134
836276,5107
836276,3514
836276,317
836276,281
836276,403
836289,1963
836289,2863
836289,316
836289,3518
836289,3892
836289,1249
836289,3134
836294,3134
836294,5107
836294,3514
836294,317
836294,281
836294,403
836294,3256
836299,469
836299,5107
836299,3514
836299,317
836299,281
836299,403
836299,3256
836326,1751
836326,1868
836327,4896
836327,1470
836327,1420
836327,3521
836327,2820
836330,4898
836330,1547
836330,3524
836330,1541
836331,1497
836331,2818
836331,5310
836331,2031
836331,1897
836332,1603
836332,1497
836332,2818
836332,5310
836332,1868
836334,1573
836334,1501
836334,1580
836334,1616
836334,1419
836334,1471
836334,4899
836339,1497
836339,1531
836339,1408
836339,1542
836339,1579
836342,3908
836342,3524
836342,1541
836342,1581
836342,1502
836342,1572
836343,1751
836344,1396
836344,1750
836348,3522
836348,1419
836348,1471
836348,4899
836356,1751
836359,1531
836359,1408
836359,1542
836359,3523
836359,1548
836359,4899
836367,1531
836384,1532
836386,1531
836386,1408
836386,1542
836386,1418
836386,2031
836386,1897
836387,1531
836388,1629
836388,4896
836388,1420
836389,1629
836389,4896
836389,1420
836389,3521
836403,1419
836403,4897
836410,1680
836410,1578
836410,1544
836410,1407
836410,1532
836424,4898
836424,1547
836424,3524
836426,1579
836426,5179
836426,2355
836443,3908
836449,1897
836449,2034
836449,1417
836449,3521
836454,1497
836454,2818
836454,3523
836454,1419
836454,1471
836454,4899
836456,1542
836456,1418
836456,2031
836456,1897
836460,1897
836460,2034
836460,1417
836460,3521
836489,638
836489,700
836513,1629
836513,4896
836513,1420
836513,1581
836513,1502
836513,2355
836514,2356
836514,1501
836514,1580
836514,1419
836514,4897
836514,1628
836515,1548
836515,1420
836521,3908
836521,1548
836521,4897
836522,1868
836523,1396
836523,4898
836523,1547
836523,3902
836533,3421
836533,728
836533,3720
836533,4596
836533,3668
836533,1979
836533,3669
836533,3706
836533,3709
836533,1081
836533,3064
836533,3672
836533,4422
836536,4423
836536,3671
836536,3065
836536,1082
836536,3707
836536,3668
836536,1979
836536,3670
836536,4597
836536,727
836536,3415
836557,1573
836557,1501
836557,1580
836557,1544
836557,3523
836557,3902
836583,2818
836583,3523
836583,1548
836583,4899
836728,4492
836728,4429
836728,4479
836728,3235
836728,1865
836728,5274
836729,4288
836729,4300
836729,4754
836729,4285
836729,4283
836729,1217
836729,357
836729,2527
836750,481
836750,3526
836750,814
836792,638
836793,637
836800,480
836800,2035
836800,350
836801,3807
836801,349
836801,1215
836801,481
836805,480
836805,2035
836805,350
836805,2010
836806,480
836806,2035
836806,350
836821,4894
836821,5123
836821,3517
836821,480
836821,3894
837022,4896
837022,1470
837022,1420
837022,3521
837022,2820
837023,4896
837023,1473
837041,4896
837041,1473
837041,2031
837043,1573
837043,1501
837043,1580
837043,1616
837059,1680
837059,1578
837059,1544
837059,1397
837060,1868
837104,1782
837104,638
837104,3124
837105,3123
837105,636
837106,4647
837106,636
837106,3536
837106,4699
837114,1548
837114,1420
837114,1581
837114,1502
837114,1572
837116,1542
837116,3523
837116,1548
837116,4899
837117,1548
837117,1420
837117,3521
837117,1541
837122,1396
837122,2034
837122,1417
837122,3521
837122,1397
837125,1897
837125,2034
837125,1417
837125,1543
837128,1680
837128,1578
837128,1544
837128,1397
837129,1396
837129,4898
837129,1547
837129,3902
837132,2356
837132,5180
837132,1595
837132,2033
837132,1750
837133,1407
837133,1532
837133,2818
837133,4684
837133,1679
837133,1502
837133,1572
837134,1897
837134,2034
837134,1417
837134,3521
837134,1541
837134,4684
837134,4572
837136,1868
837141,2818
837141,3523
837141,1419
837141,1471
837141,4899
837145,1581
837145,1502
837145,1572
837153,1531
837170,1497
837170,2818
837170,5310
837170,1868
837172,1680
837172,4250
837172,1614
837172,2817
837174,2820
837174,5310
837174,1868
837177,3902
837185,1398
837185,3522
837185,1418
837185,2033
837185,1628
837191,3522
837191,1581
837191,1502
837191,1572
837228,1531
837228,1408
837228,1542
837228,1579
837245,1397
837245,3907
837249,1532
837249,2818
837249,4684
837249,1679
837249,1502
837249,1572
837252,2818
837252,4684
837252,1679
837252,1502
837252,1572
837254,1531
837256,1397
837256,3907
837257,3902
837273,1897
837273,2032
837273,4250
837273,2817
837274,1629
837274,2034
837274,1417
837274,1533
837274,2817
837274,1496
837274,1604
837277,1532
837280,1897
837280,2032
837280,4250
837280,2817
837283,1629
837283,1433
837283,2034
837283,1417
837283,3521
837283,1397
837286,1897
837297,1680
837297,1578
837297,1544
837297,1397
837299,1396
837299,4898
837299,1547
837300,1548
837300,4897
837300,1868
837302,1407
837302,1532
837326,647
837326,639
837326,3899
837326,1248
837326,708
837326,711
837326,3421
837326,2305
837331,3421
837331,2273
837331,2305
837331,1945
837331,2871
837334,3514
837334,242
837334,212
837334,2579
837334,3416
837334,1251
837334,2999
837344,604
837344,708
837344,711
837344,3421
837344,2305
837344,2871
837347,2899
837347,3422
837356,638
837357,637
837379,284
837379,2861
837379,1149
837379,5297
837495,1573
837495,1501
837495,1580
837495,1419
837495,1547
837495,2536
837497,1419
837497,1547
837497,2536
837498,1534
837498,1547
837498,2536
837499,3522
837499,1419
837499,1547
837499,2536
837505,637
837505,650
837505,965
837505,1330
837505,3517
837505,480
837506,481
837506,3526
837506,814
837506,638
837510,212
837510,2479
837510,115
837511,4652
837511,637
837511,668
837511,2172
837514,518
837514,436
837514,3134
837515,469
837515,2905
837515,435
837515,1011
837522,526
837522,538
837523,539
837523,527
837528,378
837528,3890
837528,480
837528,2955
837528,3134
837531,2528
837531,3901
837531,2855
837531,1174
837531,3416
837531,116
837536,636
837536,818
837536,964
837536,4381
837536,493
837536,494
837536,3900
837538,2330
837538,2528
837538,481
837538,3526
837538,4895
837538,554
837539,3893
837539,481
837539,3526
837539,4895
837539,554
837541,3421
837541,2275
837544,509
837544,3526
837544,2953
837544,841
837544,2029
837544,1313
837544,1248
837544,2594
837544,934
837552,1151
837552,494
837552,2815
837552,3518
837552,3102
837552,509
837552,3526
837552,841
837552,2029
837552,1313
837552,1248
837552,708
837552,711
837552,3422
837567,788
837568,242
837568,212
837568,2479
837569,5167
837569,5155
837569,115
837574,4652
837574,637
837575,639
837575,3899
837581,5296
837581,271
837581,281
837581,3782
837581,378
837583,4376
837583,4125
837583,4137
837583,4122
837583,3906
837583,3514
837583,3519
837585,642
837585,636
837585,1312
837585,1176
837585,4517
837586,480
837586,347
837586,2666
837586,4401
837586,2010
837598,3182
837598,2861
837598,1149
837598,1865
837598,5297
837598,1142
837598,824
837598,639
837599,539
837599,527
837601,3884
837601,3415
837601,2828
837601,707
837602,818
837602,964
837602,4381
837604,403
837604,3256
837613,604
837613,708
837613,711
837613,3420
837616,4652
837617,378
837617,3890
837617,480
837617,2955
837617,3134
837618,378
837618,3890
837618,480
837618,2955
837618,3134
837635,2330
837635,2528
837635,481
837635,3526
837635,4895
837635,554
837640,553
837640,4894
837640,5123
837640,3517
837640,480
837640,3894
837642,3421
837642,2275
837645,5297
837645,4571
837645,3517
837645,3518
837646,5297
837646,1142
837647,935
837647,707
837647,611
837649,509
837649,3526
837649,546
837649,27
837652,26
837652,1330
837652,3517
837652,508
837653,26
837653,1330
837653,3517
837654,509
837654,3526
837654,841
837654,2029
837654,1313
837654,637
837656,788
837656,5154
837656,240
837656,1330
837656,3517
837656,508
837657,788
837657,2554
837659,636
837659,818
837659,3517
837659,508
837659,3106
837659,3514
837661,864
837661,3890
837661,3518
837661,3106
837662,636
837662,818
837662,3517
837662,508
837662,3106
837662,3514
837665,1151
837665,494
837665,2815
837665,3518
837666,2855
837666,205
837668,509
837668,3526
837675,509
837675,3526
837675,547
837676,2855
837687,4876
837687,4875
837687,4874
837687,4878
837687,864
837687,3890
837687,3526
837687,547
837706,788
837706,211
837707,1160
837707,212
837707,2479
837707,115
837708,639
837708,3899
837716,1963
837716,2863
837716,316
837716,3518
837716,3892
837716,1249
837716,3134
837718,3901
837718,952
837718,815
837718,1782
837718,638
837723,935
837723,707
837723,611
837723,1819
837723,1312
837723,2028
837723,1330
837723,3517
837723,508
837723,3102
837724,1312
837724,2028
837724,3517
837724,508
837724,3102
837726,864
837726,3890
837726,3518
837726,3106
837726,509
837726,3526
837726,2816
837726,1782
837726,638
837732,4652
837737,638
837738,3415
837738,2828
837740,3415
837740,2828
837740,613
837748,3762
837748,5154
837748,5160
837748,952
837750,242
837750,5167
837750,5155
837750,115
837757,5296
837757,271
837757,281
837757,378
837764,3895
837772,526
837772,538
837774,3422
837776,3884
837776,3415
837776,2828
837776,707
837784,2274
837784,3415
837784,2828
837784,707
837784,613
837787,180
837787,1142
837787,824
837787,638
837789,639
837789,3899
837791,3134
837791,481
837791,3891
837791,2341
837794,5296
837802,2276
837802,3415
837804,3899
837804,604
837804,708
837804,711
837804,3421
837804,2305
837804,2871
837806,3514
837806,3526
837806,2816
837806,4570
837806,5296
837807,2816
837807,952
837807,1782
837810,3892
837810,1249
837810,3134
837812,3906
837812,3104
837812,3526
837812,547
837812,242
837812,5155
837812,2479
837818,3514
837818,396
837821,818
837821,4381
837831,1233
837831,3105
837831,509
837833,3105
837833,927
837876,576
837876,567
837877,582
837877,568
837877,575
837877,4892
837943,3008
837943,891
837943,1138
837943,3412
837943,211
837943,240
837943,3518
837943,3104
837943,509
837943,3526
837943,546
837943,27
837953,2528
837953,481
837956,1230
837956,3421
837956,707
837956,613
837956,637
837959,1215
837959,481
837962,3008
837962,891
837962,1138
837962,3412
837962,211
837962,240
837962,3518
837964,3008
837964,891
837964,1138
837964,211
837964,240
837964,3518
837969,1248
837969,711
837969,3420
837974,91
837974,798
837974,994
837975,91
837975,798
837975,994
837977,4291
837977,4277
837977,1933
837977,4279
837977,2666
837977,4401
837977,3813
837977,335
837978,334
837978,3812
837978,4400
837978,2665
837978,4280
837978,1934
837978,4278
837979,334
837979,3812
837979,4400
837979,2665
837979,4280
837979,1934
837979,4278
837980,4277
837980,1933
837980,4279
837980,2666
837980,4401
837980,3813
837980,335
837986,148
838039,334
838039,3812
838039,4400
838039,2665
838039,4280
838039,1934
838039,4278
838039,4754
838039,4287
838044,2274
838044,3415
838044,2828
838044,707
838044,613
838044,4652
838044,638
838044,700
838049,469
838049,5107
838049,3906
838049,3104
838049,3526
838049,547
838049,242
838049,5155
838049,2479
838050,1901
838050,604
838050,708
838050,711
838050,3420
838058,4652
838058,1892
838058,603
838058,1900
838059,4652
838059,637
838059,666
838059,212
838059,5296
838059,271
838059,281
838059,812
838062,575
838062,977
838062,2028
838062,1330
838062,3517
838062,3105
838062,927
838072,1188
838072,711
838072,3421
838072,2305
838079,3422
838103,650
838103,665
838108,1249
838108,3134
838116,2899
838116,55
838116,2274
838116,2304
838116,3415
838116,2828
838116,707
838116,626
838118,494
838136,666
838136,212
838136,5296
838136,271
838136,281
838136,812
838138,666
838138,212
838138,5296
838138,271
838140,1149
838140,1865
838140,5297
838140,1142
838140,824
838140,639
838140,3895
838145,1160
838147,1248
838147,708
838147,711
838147,3421
838147,2305
838147,728
838154,5297
838155,1901
838155,604
838155,708
838155,711
838155,3422
838157,642
838157,636
838157,1312
838157,1176
838157,4517
838157,4893
838157,1901
838157,604
838157,605
838157,708
838157,711
838157,3421
838162,1160
838162,639
838162,3899
838162,1892
838162,604
838162,934
838162,568
838163,568
838163,1189
838163,935
838163,707
838163,613
838163,4652
838163,637
838163,644
838163,1329
838163,665
838170,1160
838170,639
838170,3899
838170,1892
838170,604
838170,934
838170,2117
838170,568
838185,824
838185,1164
838186,1163
838186,666
838192,2342
838196,3420
838196,2782
838196,4566
838196,4256
838196,2115
838229,1581
838229,1502
838229,2355
838269,2838
838269,3476
838269,74
838269,1025
838271,83
838271,2482
838271,73
838279,74
838279,1025
838280,74
838280,1025
838281,74
838281,1025
838299,1901
838299,604
838299,708
838299,711
838299,3421
838299,2305
838299,2871
838301,1160
838301,824
838301,651
838301,3517
838301,508
838301,3106
838301,3514
838301,3901
838304,1160
838304,824
838304,651
838304,3517
838304,508
838304,3106
838304,3514
838304,3901
838316,603
838320,3514
838320,508
838320,480
838320,347
838320,2666
838320,4389
838320,4825
838320,2010
838320,4738
838321,2011
838321,4827
838321,4389
838321,2665
838321,348
838321,481
838321,509
838326,4255
838326,2934
838326,2781
838326,3415
838332,3421
838332,728
838332,4596
838332,3668
838332,1979
838332,3669
838332,3706
838332,3709
838332,1081
838332,3064
838332,3672
838332,4422
838346,3134
838346,481
838346,3891
838346,2341
838347,2011
838347,4400
838347,348
838347,1215
838347,481
838348,378
838348,3890
838348,480
838348,2955
838348,3134
838351,480
838351,347
838351,2666
838351,4401
838351,2010
838351,864
838398,378
838398,864
838398,327
838398,2816
838398,546
838398,4893
838398,1901
838398,604
838398,711
838398,3421
838398,2305
838399,2274
838399,3415
838399,2828
838399,603
838399,4892
838399,1330
838399,2815
838399,3891
838399,2342
838400,116
838400,788
838400,1142
838400,665
838402,2528
838402,481
838402,3891
838402,3933
838402,3182
838402,2855
838402,1174
838402,1142
838402,2172
838402,675
838402,5108
838410,2274
838410,3415
838410,2828
838410,603
838410,4892
838410,1330
838410,2815
838411,2274
838411,3415
838411,2828
838411,603
838411,4892
838411,1330
838411,2815
838416,2172
838416,675
838417,637
838417,2172
838417,675
838421,2172
838421,675
838421,5108
838431,1160
838431,824
838431,651
838431,3517
838431,508
838478,1901
838478,604
838478,708
838478,711
838478,3422
838478,4431
838478,4523
838478,3641
838478,4254
838480,1093
838480,4254
838480,4566
838480,3608
838480,4432
838480,3415
838480,2828
838480,707
838480,603
838501,3628
838501,4554
838501,3617
838501,3603
838501,3596
838501,3598
838501,4590
838501,2506
838501,3415
838501,2828
838501,707
838501,1819
838509,1092
838509,2255
838509,4660
838509,4566
838509,3608
838509,4432
838509,3415
838509,2828
838509,707
838509,603
838533,1398
838533,3522
838533,1418
838533,2031
838533,1868
838534,4573
838534,1580
838534,1419
838534,4897
838535,1398
838535,1541
838535,1579
838535,1868
838538,1751
838538,2032
838538,1596
838538,5179
838538,2355
838542,1548
838542,1420
838542,3521
838544,1542
838556,1396
838556,2034
838556,1417
838556,3521
838556,1397
838568,1396
838578,1635
838578,4685
838578,1544
838579,1541
838579,4684
838579,4572
838611,1534
838611,1615
838611,1596
838611,5179
838611,2355
838612,2356
838612,1501
838612,1580
838612,1544
838613,5289
838613,179
838614,180
838614,5290
838615,5288
838615,1791
838615,4634
838615,4478
838615,4707
838615,4467
838616,4492
838616,4429
838616,4479
838616,3235
838616,1865
838616,5274
838617,2341
838617,375
838617,4413
838621,180
838621,5290
838627,2528
838627,2036
838627,353
838627,4284
838627,4286
838628,4285
838628,4283
838628,1217
838628,357
838628,2527
838630,153
838630,148
838630,1705
838632,153
838632,148
838632,1705
838633,153
838633,148
838633,1705
838638,616
838638,1248
838638,708
838638,711
838638,3419
838638,2279
838638,4591
838638,3599
838638,3597
838638,3604
838638,3601
838638,3635
838638,3614
838638,3665
838638,3663
838638,1083
838639,1200
838639,3662
838639,3664
838639,1204
838639,4602
838639,3614
838639,3600
838639,3603
838639,3596
838639,3598
838639,4590
838639,2506
838639,3415
838639,2828
838639,707
838639,1819
838640,1901
838640,604
838640,708
838640,711
838640,3422
838640,4431
838640,4523
838640,3641
838640,3621
838640,1092
838641,616
838641,1248
838641,708
838641,711
838641,3419
838641,2279
838641,4591
838641,3599
838641,3597
838641,3604
838641,3601
838641,4528
838641,3720
838642,3720
838642,4529
838642,3600
838642,3603
838642,3596
838642,3598
838642,4590
838642,2506
838642,3415
838642,2828
838642,707
838642,1819
838646,1200
838646,3662
838646,3664
838646,1204
838646,3635
838646,3614
838646,3615
838646,4529
838646,3600
838646,3603
838646,3596
838646,3598
838646,4590
838646,2506
838646,3415
838646,2828
838646,707
838646,1819
838648,616
838648,1248
838648,708
838648,711
838648,3419
838648,2279
838648,4591
838648,3599
838648,3597
838648,3604
838648,3601
838648,3663
838648,1083
838649,1200
838649,3662
838649,3600
838649,3603
838649,3596
838649,3598
838649,4590
838649,2506
838649,3415
838649,2828
838649,707
838649,1819
838663,616
838663,1248
838663,708
838663,711
838663,3419
838663,2279
838663,4591
838663,3599
838663,3597
838663,3604
838663,1086
838663,4555
838663,3629
838665,616
838665,1248
838665,708
838665,711
838665,3419
838665,2279
838665,4591
838665,3599
838665,3597
838665,3604
838665,1086
838665,3632
838665,4254
838666,3628
838666,4554
838666,3617
838666,3603
838666,3596
838666,3598
838666,4590
838666,2506
838666,3415
838666,2828
838666,707
838666,1819
838668,4254
838668,3617
838668,3603
838668,3596
838668,3598
838668,4590
838668,2506
838668,3415
838668,2828
838668,707
838668,1819
838670,4423
838670,3671
838670,3065
838670,1082
838670,3707
838670,3668
838670,1979
838670,3670
838670,4597
838670,3720
838670,727
838670,3415
838672,3933
838672,2863
838672,316
838672,2816
838672,613
838672,3895
838673,3899
838673,1819
838673,2815
838673,317
838673,281
838673,3934
838674,3526
838674,546
838674,1248
838674,711
838674,3420
838675,3415
838675,2828
838675,1819
838675,1330
838675,3517
838676,3077
838676,180
838676,5290
838676,5288
838676,271
838676,281
838676,3782
838676,378
838677,2342
838677,3781
838677,2861
838677,1149
838677,5274
838677,5289
838677,179
838677,3076
838678,3415
838678,2828
838678,707
838678,606
838678,603
838678,1900
838678,4892
838678,1289
838678,2029
838678,1313
838678,637
838678,668
838678,2172
838678,675
838679,3884
838679,3415
838679,2828
838679,707
838679,603
838679,1900
838679,4892
838681,5274
838681,1759
838681,211
838681,240
838682,3412
838682,3547
838682,5297
838682,1151
838682,305
838682,3891
838682,1002
838683,396
838683,3890
838683,304
838683,2855
838683,5296
838683,1759
838683,3416
838686,815
838686,242
838686,5296
838687,180
838687,5297
838687,240
838687,814
838688,4570
838688,5296
838688,5278
838688,179
838688,3222
838688,188
838689,3221
838689,180
838689,5297
838689,4571
838689,869
838690,4894
838690,4570
838690,5296
838691,5297
838691,4571
838691,869
838691,4626
838692,2899
838692,51
838692,2274
838692,3415
838692,2828
838692,707
838692,603
838692,4892
838693,891
838693,3547
838693,5288
838693,271
838693,2863
838694,284
838694,2861
838694,1149
838694,1865
838694,5274
838694,1759
838694,1251
838695,2816
838695,952
838695,1782
838695,4894
838695,3517
838696,2899
838696,55
838696,1945
838696,2274
838696,2304
838696,3415
838696,2828
838696,707
838696,603
838696,4892
838696,1330
838696,3517
838696,508
838696,3102
838696,3514
838696,2861
838696,1149
838696,5274
838697,5288
838697,271
838697,2863
838697,3518
838697,3102
838697,509
838697,3526
838697,2953
838697,546
838697,4893
838697,604
838697,708
838697,711
838697,3421
838697,2273
838697,2305
838697,1945
838697,2871
838698,4652
838698,1819
838698,1330
838698,3517
838698,508
838698,3102
838698,3514
838698,1154
838698,5296
838698,1759
838698,15
838699,16
838699,198
838699,3547
838699,5297
838699,1151
838699,494
838699,3518
838699,3102
838699,509
838699,3526
838699,546
838699,613
838699,3895
838700,1215
838700,481
838700,3104
838700,509
838700,3526
838700,5296
838700,3801
838701,3802
838701,5297
838701,3517
838701,508
838701,3103
838701,480
838701,2035
838702,977
838702,818
838702,4381
838704,3008
838704,891
838704,1138
838704,211
838704,240
838704,3105
838704,509
838704,3526
838704,546
838704,4895
838704,554
838704,2880
838706,2528
838706,481
838706,3103
838706,509
838706,3526
838706,546
838706,4895
838706,554
838708,3899
838708,1819
838708,2815
838708,317
838708,281
838708,3934
838710,3933
838710,2863
838710,316
838710,2816
838710,613
838710,3895
838712,3933
838712,2863
838712,316
838712,2816
838712,613
838712,4652
838713,3899
838713,1819
838713,2815
838713,317
838713,281
838713,3934
838714,378
838715,3526
838715,546
838715,1248
838715,711
838715,3420
838716,3415
838716,2828
838716,1819
838716,1330
838716,3517
838717,1819
838717,1330
838717,3517
838718,1819
838718,1330
838723,116
838723,788
838724,613
838727,3077
838727,180
838727,5290
838727,5297
838728,2342
838728,2861
838728,1149
838729,3077
838729,180
838729,5290
838729,5288
838729,271
838729,281
838729,378
838730,2342
838730,2861
838730,1149
838730,5274
838730,5289
838730,179
838730,3076
838731,3077
838731,180
838731,5290
838731,5288
838731,271
838731,281
838731,378
838732,2861
838732,1149
838732,5274
838732,5289
838732,179
838732,3076
838734,1153
838734,2342
838734,2861
838734,1149
838734,5274
838734,5289
838734,179
838734,3076
838736,3077
838736,180
838736,5290
838736,5288
838736,271
838736,281
838736,378
838736,1153
838737,1153
838737,2342
838737,3781
838737,2861
838737,1149
838737,5274
838737,5289
838737,179
838737,3076
838738,1153
838738,2342
838738,2861
838738,1149
838738,5274
838738,5289
838738,179
838738,3076
838740,5296
838740,5289
838740,179
838740,3076
838741,3415
838741,2828
838741,707
838741,606
838741,603
838741,1900
838741,4892
838741,1289
838741,2029
838741,1313
838741,637
838741,668
838742,603
838742,1900
838742,4892
838743,212
838743,3547
838743,5288
838746,240
838748,5274
838748,1759
838748,211
838748,240
838750,5274
838750,1759
838750,1142
838753,788
838753,3412
838753,3547
838753,5297
838753,1151
838753,305
838753,3891
838753,1002
838754,396
838754,3890
838754,304
838754,2855
838754,5296
838754,1759
838754,3416
838755,3412
838755,3547
838755,5297
838755,1151
838755,305
838755,3891
838755,1002
838763,815
838763,242
838763,5296
838765,180
838765,5297
838765,240
838765,814
838767,5296
838768,5297
838769,603
838769,4892
838772,5274
838773,5288
838773,271
838773,2863
838773,3518
838773,3102
838774,1149
838774,5274
838775,2861
838775,4706
838775,1149
838775,5274
838777,1138
838777,3412
838777,211
838777,240
838779,469
838779,5107
838779,3906
838779,509
838779,3526
838779,547
838780,509
838780,3526
838780,546
838780,613
838780,3895
838783,16
838783,198
838783,3547
838783,5297
838783,1151
838783,494
838783,3518
838783,3102
838784,16
838784,198
838784,3547
838784,5297
838784,1151
838784,494
838784,3518
838785,3514
838785,1154
838785,5296
838785,1759
838785,15
838786,509
838786,3526
838786,546
838786,613
838786,637
838787,546
838787,613
838787,637
838788,3526
838788,546
838788,613
838788,637
838789,5288
838789,271
838789,281
838790,864
838791,509
838791,3526
838791,2816
838791,1782
838791,638
838792,864
838792,3901
838793,3802
838793,5297
838793,3517
838793,508
838793,3103
838793,480
838793,2035
838794,3802
838794,5297
838794,3517
838794,508
838794,3103
838794,480
838794,2035
838795,3802
838795,5297
838795,3517
838795,508
838796,1002
838798,977
838798,818
838798,4381
838805,546
838805,4895
838805,554
838805,2880
838807,603
838807,1061
838807,2880
838814,2528
838814,481
838814,3103
838814,509
838814,3526
838814,546
838814,4895
838814,554
838816,575
838816,977
838816,2028
838816,1330
838816,3517
838816,3105
838817,707
838817,613
838826,1629
838826,1433
838826,2034
838826,1417
838826,3521
838826,1397
838828,1635
838828,4685
838828,1544
838828,3523
838828,1418
838828,2031
838828,1495
838829,4898
838829,1547
838829,3524
838917,2276
838917,3415
838922,378
838922,864
838922,327
838922,2816
838926,5274
838926,1759
838926,211
838926,240
838933,3134
838933,5107
838933,3514
838933,317
838933,281
838933,403
838933,4706
838933,3256
838936,469
838936,5107
838936,3514
838936,317
838936,281
838936,403
838936,4706
838936,3256
838969,26
838969,5125
838969,3906
838969,319
838969,2855
838969,5296
838970,5297
838970,1151
838970,318
838970,3892
838970,27
838974,26
838974,5107
838974,3906
838974,319
838974,2855
838974,5296
838975,5297
838975,1306
838975,1151
838975,318
838975,3892
838975,1249
838975,27
838979,3891
838979,396
838979,4878
838979,4880
838979,4876
838979,4875
838979,4874
838998,1151
838998,318
838998,3892
838998,27
839000,3892
839000,27
839001,26
839001,5125
839001,3906
839001,319
839001,2855
839001,5296
839002,26
839002,5125
839002,3906
839002,319
839004,26
839004,5125
839004,3906
839004,319
839013,1151
839013,318
839013,3892
839013,1249
839013,27
839015,26
839015,5107
839015,3906
839015,319
839037,26
839037,1330
839037,3517
839037,508
839037,3104
839037,3514
839037,242
839037,212
839037,2579
839037,3416
839037,1251
839037,2999
839038,1230
839038,3415
839038,2828
839038,707
839038,1819
839038,1312
839038,2028
839038,1330
839038,3517
839038,508
839038,3107
839038,3514
839038,2816
839038,1154
839038,281
839039,5297
839039,4571
839039,3517
839041,5297
839041,4571
839041,869
839042,5109
839042,212
839042,1306
839042,281
839042,1962
839042,3934
839042,3890
839042,480
839042,2527
839043,788
839043,5154
839043,240
839043,1330
839043,3517
839043,508
839043,3107
839043,3892
839043,1249
839043,3134
839044,3182
839044,2861
839044,1149
839044,1865
839044,5297
839044,1142
839044,824
839044,639
839044,3895
839045,3218
839045,788
839045,5154
839045,5160
839045,240
839045,30
839045,305
839045,3900
839048,3008
839048,891
839048,1138
839048,3412
839048,211
839048,240
839048,3518
839049,26
839049,1330
839049,3517
839049,508
839049,3104
839049,3514
839049,242
839049,212
839049,2579
839049,3416
839052,1230
839052,3415
839052,2828
839052,707
839052,1819
839052,1312
839052,2028
839052,1330
839052,3517
839052,508
839052,3107
839052,3514
839052,2816
839052,1154
839052,281
839054,1230
839054,3415
839054,2828
839054,707
839054,1819
839054,1312
839054,2028
839054,1330
839054,3517
839054,508
839055,480
839055,2035
839056,1215
839056,481
839060,5296
839064,1151
839064,305
839064,3891
839075,103
839075,3762
839075,5154
839076,242
839076,5167
839076,5155
839076,115
839076,3136
839077,115
839077,3136
839078,3895
839079,2815
839079,3891
839079,396
839079,2342
839083,3183
839083,2855
839084,1312
839084,2028
839084,3517
839084,508
839084,3102
839086,212
839086,2479
839086,115
839087,5296
839088,5154
839088,5160
839088,240
839088,30
839088,305
839088,3900
839090,637
839091,650
839091,965
839091,1330
839091,3517
839091,480
839092,638
839094,553
839094,4894
839094,5123
839094,3517
839094,480
839094,2527
839098,553
839098,4894
839098,5123
839098,3517
839098,480
839098,3894
839102,1149
839102,1865
839102,5297
839102,1142
839102,824
839102,639
839102,3895
839103,2861
839103,1149
839103,5274
839138,4573
839138,1580
839138,2742
839144,3908
839147,3523
839147,1548
839147,4899
839151,1398
839151,1541
839151,1581
839151,1502
839151,1572
839156,148
839156,1705
839157,992
839157,1705
839161,148
839161,1705
839162,153
839162,148
839166,1704
839166,149
839166,153
839169,992
839169,1015
839169,1705
839170,992
839170,1015
839170,1705
839198,4700
839198,3537
839198,638
839198,4646
839210,1901
839210,604
839210,708
839210,711
839210,3422
839210,4431
839210,4523
839210,3641
839210,3027
839210,4659
839210,2254
839239,788
839239,211
839246,4250
839246,1614
839246,2817
839250,1578
839250,1544
839250,1407
839250,1532
839262,4728
839262,4521
839262,3123
839262,636
839267,1782
839267,638
839267,3124
839267,4439
839273,1149
839273,5297
839273,240
839273,1782
839273,639
839273,3899
839275,952
839275,1782
839278,636
839278,818
839278,242
839278,5296
839278,271
839280,1149
839280,5297
839280,240
839280,1782
839281,4894
839281,3517
839281,3573
839283,3134
839283,5107
839283,3906
839283,3104
839283,3526
839283,547
839283,242
839283,5155
839283,2479
839285,3901
839285,315
839285,1782
839285,641
839286,977
839286,820
839286,1782
839290,2274
839290,3415
839290,2828
839295,642
839295,636
839295,1312
839295,1176
839295,4517
839295,4893
839295,1901
839295,604
839295,605
839295,708
839295,711
839295,3421
839301,1704
839301,149
839302,1704
839302,72
839302,1125
839302,4804
839302,114
839303,1704
839307,1704
839307,149
839308,83
839308,2482
839308,73
839308,3467
839308,2839
839309,1704
839309,895
839310,1704
839310,149
839310,912
839311,148
839311,1705
839319,2838
839319,3476
839319,74
839319,1025
839327,1093
839327,4254
839327,4566
839327,3608
839327,4432
839327,3415
839327,2828
839327,707
839327,603
839328,3641
839328,3027
839328,4659
839328,2254
839330,242
839330,1813
839330,212
839330,3547
839330,5288
839332,636
839332,818
839332,3517
839332,508
839332,3106
839332,3514
839332,396
839333,1901
839333,613
839333,3895
839334,3890
839334,3518
839334,3106
839334,509
839334,3526
839334,2816
839334,650
839334,665
839335,667
839335,636
839336,637
839336,666
839336,212
839336,195
839336,179
839337,1233
839337,3105
839337,509
839337,3526
839337,841
839337,1176
839337,804
839337,576
839337,567
839340,647
839340,637
839342,1901
839343,1901
839343,604
839343,708
839343,711
839343,3420
839344,603
839344,1900
839344,4892
839349,788
839349,5154
839349,240
839351,636
839351,818
839351,3517
839351,508
839351,3106
839358,3762
839358,5160
839364,1160
839364,824
839364,651
839364,3517
839364,508
839364,3106
839364,3514
839364,3901
839365,3890
839365,3518
839365,3106
839365,509
839365,3526
839365,2816
839365,650
839365,665
839366,637
839366,668
839367,637
839367,666
839367,212
839367,195
839367,179
839369,3517
839369,3518
839369,1218
839369,3894
839369,4138
839369,4123
839370,3517
839370,3518
839370,1218
839370,3894
839370,4138
839370,4123
839370,4375
839373,4652
839373,636
839373,818
839373,242
839373,5296
839373,271
839374,707
839375,509
839375,3526
839375,841
839375,2029
839375,1313
839375,637
839377,603
839377,1061
839377,554
839378,2528
839378,481
839378,509
839378,3526
839378,547
839379,1215
839379,481
839386,1396
839386,1750
839388,1542
839388,3523
839388,1419
839388,1547
839388,2536
839389,4896
839389,1470
839389,1420
839389,1581
839389,1502
839389,1572
839390,4896
839390,1420
839390,1581
839390,4572
839391,1578
839391,1544
839391,1407
839391,1532
839392,2356
839392,5180
839392,1595
839392,1616
839392,3520
839392,1397
839392,3907
839393,3908
839393,1398
839393,3522
839393,1615
839393,1596
839393,5179
839393,2355
839394,1573
839394,1501
839394,1387
839394,4685
839394,2817
839394,1531
839394,1408
839395,4896
839395,1470
839395,1420
839395,3521
839397,1573
839397,1501
839397,1580
839397,1533
839398,1548
839398,1420
839398,1581
839398,1502
839398,1572
839400,1542
839402,1548
839402,1420
839402,3521
839402,2820
839409,2820
839409,1496
839409,1604
839411,1573
839411,1501
839411,1580
839411,1533
839414,1897
839414,2034
839414,1417
839414,1533
839416,1534
839416,1581
839416,1502
839416,2355
839418,1419
839418,4897
839418,1628
839419,4896
839419,1420
839421,2741
839421,1581
839421,4572
839424,1680
839424,1578
839424,1544
839425,1398
839425,1541
839425,1579
839425,1396
839426,1398
839426,1541
839426,1579
839426,1868
839428,2356
839428,5180
839428,1595
839428,1533
839429,3908
839429,1398
839430,2356
839430,5180
839430,1578
839430,1565
839433,3908
839433,1398
839434,1541
839434,1581
839434,1502
839434,2355
839435,1573
839435,1501
839435,1580
839435,1544
839435,1397
839436,3415
839436,2828
839436,707
839436,603
839436,1900
839436,4892
839437,509
839437,3526
839437,841
839437,2029
839437,1313
839437,637
839437,3833
839438,3415
839438,2828
839438,707
839438,602
839438,613
839439,2899
839439,55
839439,1945
839439,2274
839439,2304
839439,3415
839439,2828
839439,707
839439,603
839439,4892
839439,1330
839439,3517
839439,508
839440,509
839440,3526
839440,2953
839440,546
839440,4893
839441,1759
839441,116
839441,788
839443,2899
839443,51
839443,2274
839443,3415
839443,2828
839443,707
839444,2594
839444,934
839450,603
839450,4892
839450,1330
839450,2815
839450,3891
839450,396
839450,2342
839455,1160
839455,824
839455,651
839466,2251
839467,1015
839467,1705
839468,1015
839468,1705
839469,1015
839469,1705
839470,1015
839471,1704
839471,2251
839471,895
839485,637
839485,5108
839485,680
839485,5341
839486,5340
839486,1169
839486,5109
839486,1318
839486,642
839486,639
839486,1248
839507,115
839507,4794
839507,3925
839507,2482
839507,73
839507,1705
839508,115
839508,4794
839508,3925
839508,2482
839508,73
839508,1705
839509,115
839509,4794
839509,3925
839509,2482
839509,73
839509,1705
839510,115
839510,4794
839510,3925
839510,2482
839510,73
839515,115
839515,1139
839515,3925
839515,799
839515,1025
839517,115
839517,1139
839517,3925
839517,799
839517,1025
839533,1534
839533,1418
839533,2031
839533,1897
839546,1548
839546,1420
839546,1533
839548,2818
839548,5310
839548,2031
839548,1897
839549,2356
839549,1501
839549,1580
839551,1573
839551,1501
839551,1387
839551,4685
839551,2817
839554,1635
839554,4685
839554,1544
839554,3523
839554,1418
839554,2031
839554,1897
839555,3523
839555,1418
839555,2031
839555,1495
839565,1705
839565,4201
839566,1705
839568,1705
839583,2880
839583,553
839583,4892
839583,1330
839583,3517
839583,508
839583,3105
839583,3514
839583,242
839583,212
839583,129
839583,1251
839584,553
839584,4892
839584,1330
839584,3517
839584,508
839584,3103
839584,480
839584,2527
839585,2880
839585,553
839585,4892
839585,1330
839585,3517
839585,508
839590,2880
839590,553
839590,804
839590,637
839593,553
839593,4892
839593,1330
839593,3517
839593,508
839594,553
839594,4892
