variant_id,is_main,equiv_main_variant_id,join_stop_id,disjoin_stop_id
805593,0,829067,,
819332,0,832941,,
819411,0,829067,,
819451,0,829067,,
822075,1,,,
822398,0,832941,,
826015,1,,,
827213,0,,,
828290,0,,,
829061,0,832941,,
829067,1,,,
829073,0,,,
829340,0,832941,,
829752,1,,,
829828,0,,,
829903,0,,,
829943,0,,,
829968,1,,,
829970,1,,,
830202,0,829067,,
830345,0,832941,,
830592,0,832941,,
830624,0,829067,,
830741,0,829067,,
831037,0,829067,,
831334,1,,,
831454,0,829067,,
831655,0,,,
832941,1,,,
832943,0,,,
832969,1,,,
833077,1,,,
833078,1,,,
833451,1,,,
833466,0,,,
833502,0,829067,,
833523,0,829067,,
834323,1,,,
834414,1,,,
834422,1,,,
834461,0,829067,,
834463,0,829067,,
834464,0,829067,,
834474,0,832941,,
834475,0,832941,,
834477,0,829067,,
834487,1,,,
834488,1,,,
834499,0,829067,,
835120,0,,,
835262,1,,,
835278,1,,,
835279,1,,,
835280,1,,,
835282,1,,,
835300,1,,,
835331,0,832941,,
835334,0,829067,,
835335,0,832941,,
835337,0,832941,,
835343,0,829067,,
835344,0,,,
835345,0,,,
835363,0,832941,812,
835364,0,832941,812,
835367,0,832941,3183,
835409,0,829067,,
835410,0,829067,,
835411,0,829067,,
835412,0,832941,,
835415,0,829067,,
835418,0,832941,,
835419,0,832941,,
835424,0,829067,,
835425,0,,,
835430,0,832941,,
835431,0,829067,,
835433,0,,,
835434,0,,,
835435,0,,,
835440,0,829067,,
835441,0,832941,,
835442,0,,,
835452,0,,,
835459,0,832941,,
835460,0,829067,,
835462,0,829067,,
835463,0,832941,,
835464,0,832941,,
835480,0,,,
835481,0,832941,,
835482,0,829067,,
835495,0,832941,,
835496,0,832941,,
835506,0,832941,,
835507,0,829067,,
835509,0,829067,,
835623,1,,,
835630,1,,,
835631,1,,,
835641,0,829067,,
835679,0,829067,,
835949,0,832941,,
836025,0,832941,,
836034,0,829067,,
836272,1,,,
836273,1,,,
836276,1,,,
836289,0,,,
836294,0,,,
836299,0,,,
836326,1,,,
836327,1,,,
836330,1,,,
836331,1,,,
836332,1,,,
836334,1,,,
836339,1,,,
836342,1,,,
836343,0,832941,,
836344,0,829067,,
836348,0,829067,,
836356,0,829067,,
836359,0,832941,,
836367,0,832941,,
836384,0,832941,,
836386,0,832941,,
836387,0,829067,,
836388,0,832941,,
836389,0,832941,,
836403,0,829067,,
836410,0,832941,,
836424,0,829067,,
836426,0,829067,,
836443,0,829067,,
836449,0,832941,,
836454,1,,,
836456,1,,,
836460,0,832941,,
836489,0,829067,,
836513,1,,,
836514,1,,,
836515,0,832941,,
836521,0,829067,,
836522,0,829067,,
836523,0,832941,,
836533,0,,,
836536,0,,,
836557,1,,,
836583,0,832941,,
836728,0,,,
836729,1,,,
836750,0,829067,,
836792,0,829067,,
836793,0,832941,,
836800,1,,,
836801,1,,,
836805,0,,,
836806,0,,,
836821,0,,,
837022,0,832941,,
837023,0,832941,,
837041,0,832941,,
837043,0,829067,,
837059,0,832941,,
837060,0,829067,,
837104,1,,,
837105,1,,,
837106,1,,,
837114,1,,,
837116,1,,,
837117,1,,,
837122,1,,,
837125,1,,,
837128,1,,,
837129,1,,,
837132,1,,,
837133,1,,,
837134,1,,,
837136,0,832941,,
837141,0,829067,,
837145,0,832941,,
837153,0,829067,,
837170,0,,,
837172,0,832941,,
837174,0,829067,,
837177,0,832941,,
837185,0,829067,,
837191,0,832941,,
837228,0,829067,,
837245,0,832941,,
837249,0,,,
837252,0,832941,,
837254,0,829067,,
837256,0,832941,,
837257,0,832941,,
837273,1,,,
837274,1,,,
837277,0,832941,,
837280,0,832941,,
837283,0,832941,,
837286,0,829067,,
837297,0,832941,,
837299,0,832941,,
837300,0,829067,,
837302,0,832941,,
837326,1,,,
837331,0,,,
837334,0,,,
837344,0,832941,,
837346,0,829067,,
837347,0,,,
837356,0,829067,,
837357,0,832941,,
837364,0,,,
837379,0,829067,,
837495,1,,,
837497,0,829067,,
837498,0,829067,,
837499,0,829067,,
837505,1,,,
837506,1,,,
837510,1,,,
837511,1,,,
837514,1,,,
837515,1,,,
837522,1,,,
837523,1,,,
837528,1,,,
837531,1,,,
837536,1,,,
837538,1,,,
837539,1,,,
837541,1,,,
837544,1,,,
837552,1,,,
837566,0,829067,,
837567,0,,,
837568,0,832941,,
837569,0,,,
837572,0,,,
837574,0,832941,,
837575,0,829067,,
837581,0,832941,812,
837583,0,,,
837585,0,,,
837586,0,,,
837598,0,,,
837599,0,,,
837601,0,829067,,
837602,0,829067,,
837604,0,,,
837613,0,832941,,
837616,0,832941,,
837617,0,,,
837618,0,,,
837635,0,,,
837640,0,,,
837642,0,,,
837645,0,,,
837646,0,829067,,
837647,0,829067,,
837649,0,,,
837652,0,,,
837653,0,829067,,
837654,0,,,
837656,0,,,
837657,0,829067,,
837659,0,,,
837661,0,,,
837662,0,,,
837665,0,,,
837666,0,829067,,1967
837668,0,829067,,
837675,0,829067,,
837676,0,829067,,3183
837687,0,829067,,
837688,0,829067,,
837706,1,,,
837707,1,,,
837708,1,,,
837716,1,,,
837718,1,,,
837723,1,,,
837724,1,,,
837726,1,,,
837732,0,829067,,
837737,0,829067,,
837738,0,,,
837740,0,829067,,
837748,0,829067,,
837750,0,832941,,
837753,0,829067,,
837757,0,832941,812,
837764,0,,,
837772,0,,,
837774,0,,,
837776,0,,,
837784,0,832941,,
837787,0,829067,,
837789,0,829067,,
837791,0,,,
837794,0,832941,,
837802,0,,,
837804,0,,,
837805,0,829067,,
837806,0,,,
837807,0,832941,,
837810,0,,,
837812,0,,,
837815,0,829067,,
837818,0,,,
837821,0,,,
837827,0,,,
837831,0,,,
837833,0,,,
837835,0,832941,,
837876,1,,,
837877,1,,,
837943,1,,,
837953,0,,,
837956,0,832941,,
837959,0,,,
837962,0,,,
837964,0,,,
837969,0,832941,,
837974,1,,,
837975,0,829067,,
837977,1,,,
837978,0,,,
837979,0,,,
837980,0,,,
837986,0,,,
838039,1,,,
838044,1,,,
838049,1,,,
838050,1,,,
838058,1,,,
838059,1,,,
838062,1,,,
838072,0,832941,,
838076,0,832941,,
838079,0,,,
838103,0,829067,,
838108,0,,,
838116,0,832941,,
838118,0,,,
838136,0,,,
838138,0,,,
838140,0,,,
838145,0,832941,,
838147,0,829067,,
838154,0,829067,,
838155,1,,,
838157,1,,,
838162,1,,,
838163,1,,,
838170,0,,,
838185,1,,,
838186,1,,,
838187,0,,,
838188,0,,,
838192,0,,,
838196,1,,,
838229,0,832941,,
838269,1,,,
838271,0,,,
838279,0,,,
838280,0,,,
838281,0,,,
838299,1,,,
838301,1,,,
838304,0,,,
838316,0,829067,,
838318,0,832941,,
838320,1,,,
838321,1,,,
838326,1,,,
838332,0,,,
838346,1,,,
838347,1,,,
838348,0,,,
838351,0,,,
838398,1,,,
838399,1,,,
838400,1,,,
838402,1,,,
838410,0,,,
838411,0,,,
838416,0,829067,,
838417,0,829067,,
838421,0,832941,,
838431,0,,,
838478,0,,,
838480,0,,,
838501,0,,,
838509,0,,,
838533,1,,,
838534,1,,,
838535,1,,,
838538,1,,,
838542,0,832941,,
838544,0,829067,,
838556,0,832941,,
838568,0,832941,,
838578,0,829067,,
838579,0,832941,,
838611,0,829067,,
838612,0,832941,,
838613,1,,,
838614,1,,,
838615,1,,,
838616,1,,,
838617,1,,,
838621,0,,,
838627,0,,,
838628,0,,,
838630,0,,,
838632,0,,,
838633,0,,,
838638,1,,,
838639,1,,,
838640,1,,,
838641,1,,,
838642,1,,,
838646,0,,,
838648,0,,,
838649,0,,,
838663,0,,,
838665,0,,,
838666,0,,,
838668,0,,,
838670,0,,,
838672,1,,,
838673,1,,,
838674,1,,,
838675,1,,,
838676,1,,,
838677,1,,,
838678,1,,,
838679,1,,,
838681,1,,,
838682,1,,,
838683,1,,,
838686,1,,,
838687,1,,,
838688,1,,,
838689,1,,,
838690,1,,,
838691,1,,,
838692,1,,,
838693,1,,,
838694,1,,,
838695,1,,,
838696,1,,,
838697,1,,,
838698,1,,,
838699,1,,,
838700,1,,,
838701,1,,,
838702,1,,,
838704,1,,,
838706,1,,,
838708,0,,,
838710,0,,,
838712,0,832941,,
838713,0,829067,,
838714,0,,,
838715,0,,,
838716,0,,,
838717,0,829067,,
838718,0,829067,,
838723,0,,,
838724,0,832941,,
838726,0,829067,,
838727,0,832941,,
838728,0,829067,,1967
838729,0,,,
838730,0,,,
838731,0,,,
838732,0,,,
838734,0,,,
838736,0,,,
838737,0,,,
838738,0,,,
838740,0,829067,,
838741,0,829067,,
838742,0,829067,,
838743,0,832941,,
838744,0,,,
838746,0,,,
838748,0,,,
838750,0,829067,,
838753,0,,,
838754,0,,,
838755,0,832941,,
838763,0,832941,,
838765,0,829067,,
838767,0,832941,,
838768,0,829067,,
838769,0,829067,,
838772,0,,,
838773,0,,,
838774,0,,,
838775,0,,,
838777,0,832941,,
838779,0,832941,,
838780,0,,,
838783,0,,,
838784,0,,,
838785,0,,,
838786,0,829067,,
838787,0,829067,,
838788,0,829067,,
838789,0,,,
838790,0,829067,,
838791,0,,,
838792,0,829067,,
838793,0,,,
838794,0,,,
838795,0,,,
838796,0,,,
838797,0,829067,,
838798,0,,,
838805,0,,,
838807,0,,,
838814,0,,,
838816,0,,,
838817,0,829067,,
838826,1,,,
838828,1,,,
838829,0,829067,,
838917,1,,,
838922,0,832941,,
838926,0,,,
838933,0,,,
838936,0,,,
838969,1,,,
838970,1,,,
838974,1,,,
838975,1,,,
838979,1,,,
838998,0,829067,,
839000,0,,,
839001,0,,,
839002,0,832941,,
839004,0,,,
839013,0,829067,,
839015,0,832941,,
839037,1,,,
839038,1,,,
839039,1,,,
839041,1,,,
839042,1,,,
839043,1,,,
839044,1,,,
839045,1,,,
839048,0,,,
839049,0,,,
839052,0,,,
839053,0,,,
839054,0,,,
839055,0,,,
839056,0,,,
839058,0,,,
839060,0,832941,,
839062,0,829067,,
839063,0,832941,,
839064,0,832941,,
839073,0,,,
839075,0,,,
839076,0,832941,,
839077,0,832941,,
839078,0,832941,,
839079,0,829067,,
839081,0,,,
839083,0,829067,,3183
839084,0,,,
839086,0,832941,,
839087,0,832941,,
839088,0,832941,,
839090,0,832941,,
839091,0,832941,,
839092,0,,,
839094,1,,,
839098,1,,,
839102,0,,,
839103,0,,,
839138,0,829067,,
839144,0,829067,,
839147,0,832941,,
839151,0,829067,,
839156,1,,,
839157,1,,,
839161,0,,,
839162,0,,,
839166,0,,,
839169,0,,,
839170,0,,,
839198,1,,,
839210,1,,,
839239,0,,,
839246,0,832941,,
839250,0,832941,,
839262,0,,,
839267,0,,,
839273,1,,,
839275,0,832941,,
839278,0,832941,3183,
839280,0,829067,,3183
839281,0,,,
839283,0,,,
839285,0,832941,,
839286,0,832941,,
839290,0,829067,,
839292,0,832941,,
839294,0,,,
839295,0,832941,,
839301,1,,,
839302,1,,,
839303,1,,,
839307,1,,,
839308,1,,,
839309,1,,,
839310,0,,,
839311,0,,,
839319,0,,,
839327,0,,,
839328,0,,,
839330,1,,,
839332,1,,,
839333,1,,,
839334,1,,,
839335,1,,,
839336,1,,,
839337,1,,,
839340,0,832941,,
839341,0,,,
839342,0,832941,,
839343,0,,,
839344,0,829067,,
839349,0,,,
839350,0,832941,,
839351,0,,,
839358,0,,,
839364,0,,,
839365,0,,,
839366,0,832941,,
839367,0,832941,,
839369,1,,,
839370,0,,,
839373,1,,,
839374,0,832941,,
839375,0,832941,,
839377,0,,,
839378,0,829067,,
839379,0,,,
839381,0,,,
839386,1,,,
839388,1,,,
839389,1,,,
839390,1,,,
839391,1,,,
839392,1,,,
839393,1,,,
839394,1,,,
839395,0,832941,,
839397,0,829067,,
839398,0,832941,,
839400,0,832941,,
839402,0,832941,,
839409,0,832941,,
839410,0,832941,,
839411,0,829067,,
839414,0,829067,,
839416,0,832941,,
839418,0,829067,,
839419,0,832941,,
839421,0,832941,,
839424,0,832941,,
839425,0,829067,,
839426,0,829067,,
839428,0,832941,,
839429,0,829067,,
839430,0,832941,,
839433,0,829067,,
839434,0,829067,,
839435,0,832941,,
839436,1,,,
839437,1,,,
839438,0,829067,,
839439,0,,,
839440,0,832941,,
839441,0,829067,,
839443,0,829067,,
839444,0,,,
839449,0,,,
839450,0,829067,,
839455,0,832941,,
839466,1,,,
839467,1,,,
839468,0,,,
839469,0,,,
839470,0,,,
839471,0,,,
839485,1,,,
839486,1,,,
839507,1,,,
839508,0,,,
839509,0,,,
839510,0,,,
839515,1,,,
839517,0,832941,,
839533,0,832941,,
839546,0,832941,,
839548,0,829067,,
839549,0,829067,,
839551,0,829067,,
839554,0,,,
839555,0,829067,,
839565,1,,,
839566,0,,,
839567,0,,,
839568,0,,,
839583,1,,,
839584,1,,,
839585,0,,,
839590,0,832941,,
839593,0,,,
839594,0,832941,,
